-0.9392993374541231,-0.827425188820681,-0.9653177464647602,1.0,0.4509391718419855,-0.012926866155220375,-0.8924610688595157,
-0.9462497899319636,-0.9254787270134139,-0.9674093854002341,1.0,0.4509391718419855,-0.012926866155220375,-0.8924610688595157,
-0.9450500173446106,-0.5924104429984427,-0.9716275018004055,1.0,0.4509391718419855,-0.012926866155220375,-0.8924610688595157,
-0.9462497899319636,-0.9254787270134139,-0.9674093854002341,1.0,0.1479331279447692,-0.013621484568491602,-0.9889035568823821,
-0.9532002424098043,-0.9550991081502417,-0.9680411240634864,1.0,0.1479331279447692,-0.013621484568491602,-0.9889035568823821,
-0.9532002424098043,-0.6072207994646147,-0.9728329149115376,1.0,0.1479331279447692,-0.013621484568491602,-0.9889035568823821,
-0.9532002424098043,-0.9550991081502417,-0.9680411240634864,1.0,-0.14554231009493862,-0.013052748299885083,-0.9892659206371401,
-0.9601506948876449,-0.9254787270134139,-0.9674093854002341,1.0,-0.14554231009493862,-0.013052748299885083,-0.9892659206371401,
-0.961350467474998,-0.5924104429984427,-0.9716275018004055,1.0,-0.14554231009493862,-0.013052748299885083,-0.9892659206371401,
-0.9601506948876449,-0.9254787270134139,-0.9674093854002341,1.0,-0.41758017310309015,-0.010218339643160847,-0.9085826239622516,
-0.9671011473654856,-0.827425188820681,-0.9653177464647602,1.0,-0.41758017310309015,-0.010218339643160847,-0.9085826239622516,
-0.9695006925401917,-0.5433840056975926,-0.9674093854002341,1.0,-0.41758017310309015,-0.010218339643160847,-0.9085826239622516,
-0.9368997922794169,-0.5433840056975926,-0.9674093854002341,1.0,0.47709638962750256,-0.0036996384431247416,-0.8788431871954132,
-0.9450500173446106,-0.5924104429984427,-0.9716275018004055,1.0,0.47709638962750256,-0.0036996384431247416,-0.8788431871954132,
-0.9446876966406865,-0.25934249077898786,-0.9728329149115376,1.0,0.47709638962750256,-0.0036996384431247416,-0.8788431871954132,
-0.9450500173446106,-0.5924104429984427,-0.9716275018004055,1.0,0.15315154458344868,-0.003851095335750611,-0.9881952101970637,
-0.9532002424098043,-0.6072207994646147,-0.9728329149115376,1.0,0.15315154458344868,-0.003851095335750611,-0.9881952101970637,
-0.9532002424098043,-0.25934249077898786,-0.9741886313916052,1.0,0.15315154458344868,-0.003851095335750611,-0.9881952101970637,
-0.9532002424098043,-0.6072207994646147,-0.9728329149115376,1.0,-0.1529593988950408,-0.0037429004666325472,-0.9882253857221867,
-0.961350467474998,-0.5924104429984427,-0.9716275018004055,1.0,-0.1529593988950408,-0.0037429004666325472,-0.9882253857221867,
-0.961712788178922,-0.25934249077898786,-0.9728329149115376,1.0,-0.1529593988950408,-0.0037429004666325472,-0.9882253857221867,
-0.961350467474998,-0.5924104429984427,-0.9716275018004055,1.0,-0.47460089147120554,-0.0031684415158196874,-0.880195407164283,
-0.9695006925401917,-0.5433840056975926,-0.9674093854002341,1.0,-0.47460089147120554,-0.0031684415158196874,-0.880195407164283,
-0.9702253339480398,-0.25934249077898786,-0.9680411240634864,1.0,-0.47460089147120554,-0.0031684415158196874,-0.880195407164283,
-0.9361751508715688,-0.25934249077898786,-0.9680411240634864,1.0,0.490528800139698,0.003687371304049389,-0.8714171788106856,
-0.9446876966406865,-0.25934249077898786,-0.9728329149115376,1.0,0.490528800139698,0.003687371304049389,-0.8714171788106856,
-0.9450500173446106,0.0737257932359836,-0.9716275018004055,1.0,0.490528800139698,0.003687371304049389,-0.8714171788106856,
-0.9446876966406865,-0.25934249077898786,-0.9728329149115376,1.0,0.15727770122905715,0.003848568872352034,-0.9875469169683727,
-0.9532002424098043,-0.25934249077898786,-0.9741886313916052,1.0,0.15727770122905715,0.003848568872352034,-0.9875469169683727,
-0.9532002424098043,0.08853581790663911,-0.9728329149115376,1.0,0.15727770122905715,0.003848568872352034,-0.9875469169683727,
-0.9532002424098043,-0.25934249077898786,-0.9741886313916052,1.0,-0.15727776299341403,0.0037451403172225972,-0.9875473047868603,
-0.961712788178922,-0.25934249077898786,-0.9728329149115376,1.0,-0.15727776299341403,0.0037451403172225972,-0.9875473047868603,
-0.961350467474998,0.0737257932359836,-0.9716275018004055,1.0,-0.15727776299341403,0.0037451403172225972,-0.9875473047868603,
-0.961712788178922,-0.25934249077898786,-0.9728329149115376,1.0,-0.4905296397947629,0.003189558241273478,-0.8714186704455246,
-0.9702253339480398,-0.25934249077898786,-0.9680411240634864,1.0,-0.4905296397947629,0.003189558241273478,-0.8714186704455246,
-0.9695006925401917,0.024699024139617,-0.9674093854002341,1.0,-0.4905296397947629,0.003189558241273478,-0.8714186704455246,
-0.9368997922794169,0.024699024139617,-0.9674093854002341,1.0,0.5187705954355897,0.012694495283401795,-0.8548192318267667,
-0.9450500173446106,0.0737257932359836,-0.9716275018004055,1.0,0.5187705954355897,0.012694495283401795,-0.8548192318267667,
-0.9462497899319636,0.40679407725095484,-0.9674093854002341,1.0,0.5187705954355897,0.012694495283401795,-0.8548192318267667,
-0.9450500173446106,0.0737257932359836,-0.9716275018004055,1.0,0.17038433738153885,0.013571630585276695,-0.9852842170756165,
-0.9532002424098043,0.08853581790663911,-0.9728329149115376,1.0,0.17038433738153885,0.013571630585276695,-0.9852842170756165,
-0.9532002424098043,0.43641412659226586,-0.9680411240634864,1.0,0.17038433738153885,0.013571630585276695,-0.9852842170756165,
-0.9532002424098043,0.08853581790663911,-0.9728329149115376,1.0,-0.16953307169378953,0.013090683342065638,-0.985437553380074,
-0.961350467474998,0.0737257932359836,-0.9716275018004055,1.0,-0.16953307169378953,0.013090683342065638,-0.985437553380074,
-0.9601506948876449,0.40679407725095484,-0.9674093854002341,1.0,-0.16953307169378953,0.013090683342065638,-0.985437553380074,
-0.961350467474998,0.0737257932359836,-0.9716275018004055,1.0,-0.5093465626713465,0.010639453305547544,-0.8604957182509645,
-0.9695006925401917,0.024699024139617,-0.9674093854002341,1.0,-0.5093465626713465,0.010639453305547544,-0.8604957182509645,
-0.9671011473654856,0.30874053905822163,-0.9653177464647602,1.0,-0.5093465626713465,0.010639453305547544,-0.8604957182509645,
-0.9671011473654856,-0.827425188820681,-0.9653177464647602,1.0,-0.8326253628743461,-0.013834255801935348,-0.5536638135771293,
-0.9695006925401917,-0.9254787270134139,-0.9592591603350404,1.0,-0.8326253628743461,-0.013834255801935348,-0.5536638135771293,
-0.9743392665560571,-0.5924104429984427,-0.9603049798027774,1.0,-0.8326253628743461,-0.013834255801935348,-0.5536638135771293,
-0.9695006925401917,-0.9254787270134139,-0.9592591603350404,1.0,-0.9810524421469615,-0.015502633223863953,-0.1931211384613526,
-0.9702253339480398,-0.9550991081502417,-0.9532002424098043,1.0,-0.9810524421469615,-0.015502633223863953,-0.1931211384613526,
-0.9757225220639871,-0.6072207994646147,-0.9532002424098043,1.0,-0.9810524421469615,-0.015502633223863953,-0.1931211384613526,
-0.9702253339480398,-0.9550991081502417,-0.9532002424098043,1.0,-0.9816637360307903,-0.014857617498692426,0.1900409444418051,
-0.9695006925401917,-0.9254787270134139,-0.9471413244845681,1.0,-0.9816637360307903,-0.014857617498692426,0.1900409444418051,
-0.9743392665560571,-0.5924104429984427,-0.9460955050168312,1.0,-0.9816637360307903,-0.014857617498692426,0.1900409444418051,
-0.9695006925401917,-0.9254787270134139,-0.9471413244845681,1.0,-0.8555983293908085,-0.011038952964225338,0.5175225987926628,
-0.9671011473654856,-0.827425188820681,-0.9410827383548483,1.0,-0.8555983293908085,-0.011038952964225338,0.5175225987926628,
-0.9695006925401917,-0.5433840056975926,-0.9389910994193744,1.0,-0.8555983293908085,-0.011038952964225338,0.5175225987926628,
-0.9695006925401917,-0.5433840056975926,-0.9674093854002341,1.0,-0.8136824936267868,-0.0039305626545098355,-0.5812962671843962,
-0.9743392665560571,-0.5924104429984427,-0.9603049798027774,1.0,-0.8136824936267868,-0.0039305626545098355,-0.5812962671843962,
-0.9757225220639871,-0.25934249077898786,-0.9606208491344036,1.0,-0.8136824936267868,-0.0039305626545098355,-0.5812962671843962,
-0.9743392665560571,-0.5924104429984427,-0.9603049798027774,1.0,-0.9798081193025986,-0.0043791163207522596,-0.1998921526447552,
-0.9757225220639871,-0.6072207994646147,-0.9532002424098043,1.0,-0.9798081193025986,-0.0043791163207522596,-0.1998921526447552,
-0.9772773158539031,-0.25934249077898786,-0.9532002424098043,1.0,-0.9798081193025986,-0.0043791163207522596,-0.1998921526447552,
-0.9757225220639871,-0.6072207994646147,-0.9532002424098043,1.0,-0.9798578281217739,-0.004258762629845896,0.19965094442386863,
-0.9743392665560571,-0.5924104429984427,-0.9460955050168312,1.0,-0.9798578281217739,-0.004258762629845896,0.19965094442386863,
-0.9757225220639871,-0.25934249077898786,-0.9457796356852051,1.0,-0.9798578281217739,-0.004258762629845896,0.19965094442386863,
-0.9743392665560571,-0.5924104429984427,-0.9460955050168312,1.0,-0.8458689623544681,0.006193204561547352,0.5333548000558676,
-0.9695006925401917,-0.5433840056975926,-0.9389910994193744,1.0,-0.8458689623544681,0.006193204561547352,0.5333548000558676,
-0.9653791286352968,-0.25934249077898786,-0.9357527751791738,1.0,-0.8458689623544681,0.006193204561547352,0.5333548000558676,
-0.9702253339480398,-0.25934249077898786,-0.9680411240634864,1.0,-0.8035154332980926,0.003901587473911608,-0.5952711365982409,
-0.9757225220639871,-0.25934249077898786,-0.9606208491344036,1.0,-0.8035154332980926,0.003901587473911608,-0.5952711365982409,
-0.9743392665560571,0.0737257932359836,-0.9603049798027774,1.0,-0.8035154332980926,0.003901587473911608,-0.5952711365982409,
-0.9757225220639871,-0.25934249077898786,-0.9606208491344036,1.0,-0.9787377714429758,0.00437433254963563,-0.20506886639756486,
-0.9772773158539031,-0.25934249077898786,-0.9532002424098043,1.0,-0.9787377714429758,0.00437433254963563,-0.20506886639756486,
-0.9757225220639871,0.08853581790663911,-0.9532002424098043,1.0,-0.9787377714429758,0.00437433254963563,-0.20506886639756486,
-0.9772773158539031,-0.25934249077898786,-0.9532002424098043,1.0,-0.9787382576892769,0.004259246982681596,0.20506896827774532,
-0.9757225220639871,-0.25934249077898786,-0.9457796356852051,1.0,-0.9787382576892769,0.004259246982681596,0.20506896827774532,
-0.9743392665560571,0.0737257932359836,-0.9460955050168312,1.0,-0.9787382576892769,0.004259246982681596,0.20506896827774532,
-0.9757225220639871,-0.25934249077898786,-0.9457796356852051,1.0,-0.6960337627550022,-0.0019138391445549852,0.7180065029822794,
-0.9653791286352968,-0.25934249077898786,-0.9357527751791738,1.0,-0.6960337627550022,-0.0019138391445549852,0.7180065029822794,
-0.9695006925401917,0.024699024139617,-0.9389910994193744,1.0,-0.6960337627550022,-0.0019138391445549852,0.7180065029822794,
-0.9695006925401917,0.024699024139617,-0.9674093854002341,1.0,-0.7813242362742174,0.013309790667004424,-0.6239834030508434,
-0.9743392665560571,0.0737257932359836,-0.9603049798027774,1.0,-0.7813242362742174,0.013309790667004424,-0.6239834030508434,
-0.9695006925401917,0.40679407725095484,-0.9592591603350404,1.0,-0.7813242362742174,0.013309790667004424,-0.6239834030508434,
-0.9743392665560571,0.0737257932359836,-0.9603049798027774,1.0,-0.9749408212643694,0.015406057125710856,-0.22193027832226092,
-0.9757225220639871,0.08853581790663911,-0.9532002424098043,1.0,-0.9749408212643694,0.015406057125710856,-0.22193027832226092,
-0.9702253339480398,0.43641412659226586,-0.9532002424098043,1.0,-0.9749408212643694,0.015406057125710856,-0.22193027832226092,
-0.9757225220639871,0.08853581790663911,-0.9532002424098043,1.0,-0.9751962606990912,0.014860378307568145,0.22084252823010828,
-0.9743392665560571,0.0737257932359836,-0.9460955050168312,1.0,-0.9751962606990912,0.014860378307568145,0.22084252823010828,
-0.9695006925401917,0.40679407725095484,-0.9471413244845681,1.0,-0.9751962606990912,0.014860378307568145,0.22084252823010828,
-0.9743392665560571,0.0737257932359836,-0.9460955050168312,1.0,-0.7888550343052274,0.011189062474944056,0.6144774525824608,
-0.9695006925401917,0.024699024139617,-0.9389910994193744,1.0,-0.7888550343052274,0.011189062474944056,0.6144774525824608,
-0.9671011473654856,0.30874053905822163,-0.9410827383548483,1.0,-0.7888550343052274,0.011189062474944056,0.6144774525824608,
-0.9671011473654856,-0.827425188820681,-0.9410827383548483,1.0,-0.45093917184197585,-0.012926866155220105,0.8924610688595205,
-0.9601506948876449,-0.9254787270134139,-0.9389910994193744,1.0,-0.45093917184197585,-0.012926866155220105,0.8924610688595205,
-0.961350467474998,-0.5924104429984427,-0.9347729830192032,1.0,-0.45093917184197585,-0.012926866155220105,0.8924610688595205,
-0.9601506948876449,-0.9254787270134139,-0.9389910994193744,1.0,-0.14793312794476787,-0.013621484568491288,0.9889035568823823,
-0.9532002424098043,-0.9550991081502417,-0.9383593607561221,1.0,-0.14793312794476787,-0.013621484568491288,0.9889035568823823,
-0.9532002424098043,-0.6072207994646147,-0.9335675699080711,1.0,-0.14793312794476787,-0.013621484568491288,0.9889035568823823,
-0.9532002424098043,-0.9550991081502417,-0.9383593607561221,1.0,0.14554231009493723,-0.01305274829988475,0.9892659206371404,
-0.9462497899319636,-0.9254787270134139,-0.9389910994193744,1.0,0.14554231009493723,-0.01305274829988475,0.9892659206371404,
-0.9450500173446106,-0.5924104429984427,-0.9347729830192032,1.0,0.14554231009493723,-0.01305274829988475,0.9892659206371404,
-0.9462497899319636,-0.9254787270134139,-0.9389910994193744,1.0,0.41758017310309853,-0.010218339643161052,0.9085826239622478,
-0.9392993374541231,-0.827425188820681,-0.9410827383548483,1.0,0.41758017310309853,-0.010218339643161052,0.9085826239622478,
-0.9368997922794169,-0.5433840056975926,-0.9389910994193744,1.0,0.41758017310309853,-0.010218339643161052,0.9085826239622478,
-0.9695006925401917,-0.5433840056975926,-0.9389910994193744,1.0,-0.47742904251662444,-0.0037705093235033023,0.8786622175905259,
-0.961350467474998,-0.5924104429984427,-0.9347729830192032,1.0,-0.47742904251662444,-0.0037705093235033023,0.8786622175905259,
-0.9665589934916651,-0.25934249077898786,-0.9361738236895031,1.0,-0.47742904251662444,-0.0037705093235033023,0.8786622175905259,
-0.961350467474998,-0.5924104429984427,-0.9347729830192032,1.0,-0.15315154458344923,-0.003851095335750926,0.9881952101970636,
-0.9532002424098043,-0.6072207994646147,-0.9335675699080711,1.0,-0.15315154458344923,-0.003851095335750926,0.9881952101970636,
-0.9532002424098043,-0.25934249077898786,-0.9322118534280034,1.0,-0.15315154458344923,-0.003851095335750926,0.9881952101970636,
-0.9532002424098043,-0.6072207994646147,-0.9335675699080711,1.0,0.1529593988950408,-0.0037429004666325472,0.9882253857221867,
-0.9450500173446106,-0.5924104429984427,-0.9347729830192032,1.0,0.1529593988950408,-0.0037429004666325472,0.9882253857221867,
-0.9446876966406865,-0.25934249077898786,-0.9335675699080711,1.0,0.1529593988950408,-0.0037429004666325472,0.9882253857221867,
-0.9450500173446106,-0.5924104429984427,-0.9347729830192032,1.0,0.4746008914711961,-0.0031684415158196744,0.8801954071642881,
-0.9368997922794169,-0.5433840056975926,-0.9389910994193744,1.0,0.4746008914711961,-0.0031684415158196744,0.8801954071642881,
-0.9361751508715688,-0.25934249077898786,-0.9383593607561221,1.0,0.4746008914711961,-0.0031684415158196744,0.8801954071642881,
-0.9653791286352968,-0.25934249077898786,-0.9357527751791738,1.0,0.3361012104381011,-0.0012947650017202275,-0.9418249837021917,
-0.9665589934916651,-0.25934249077898786,-0.9361738236895031,1.0,0.3361012104381011,-0.0012947650017202275,-0.9418249837021917,
-0.961350467474998,0.0737257932359836,-0.9347729830192032,1.0,0.3361012104381011,-0.0012947650017202275,-0.9418249837021917,
-0.9665589934916651,-0.25934249077898786,-0.9361738236895031,1.0,-0.28433847943667184,0.003736214556737142,0.9587166785930177,
-0.9532002424098043,-0.25934249077898786,-0.9322118534280034,1.0,-0.28433847943667184,0.003736214556737142,0.9587166785930177,
-0.9532002424098043,0.08853581790663911,-0.9335675699080711,1.0,-0.28433847943667184,0.003736214556737142,0.9587166785930177,
-0.9532002424098043,-0.25934249077898786,-0.9322118534280034,1.0,0.15727776299342658,0.0037451403172226038,0.9875473047868583,
-0.9446876966406865,-0.25934249077898786,-0.9335675699080711,1.0,0.15727776299342658,0.0037451403172226038,0.9875473047868583,
-0.9450500173446106,0.0737257932359836,-0.9347729830192032,1.0,0.15727776299342658,0.0037451403172226038,0.9875473047868583,
-0.9446876966406865,-0.25934249077898786,-0.9335675699080711,1.0,0.4905296397947543,0.0031895582412734664,0.8714186704455293,
-0.9361751508715688,-0.25934249077898786,-0.9383593607561221,1.0,0.4905296397947543,0.0031895582412734664,0.8714186704455293,
-0.9368997922794169,0.024699024139617,-0.9389910994193744,1.0,0.4905296397947543,0.0031895582412734664,0.8714186704455293,
-0.9695006925401917,0.024699024139617,-0.9389910994193744,1.0,-0.5187705954355797,0.012694495283401552,0.8548192318267727,
-0.961350467474998,0.0737257932359836,-0.9347729830192032,1.0,-0.5187705954355797,0.012694495283401552,0.8548192318267727,
-0.9601506948876449,0.40679407725095484,-0.9389910994193744,1.0,-0.5187705954355797,0.012694495283401552,0.8548192318267727,
-0.961350467474998,0.0737257932359836,-0.9347729830192032,1.0,-0.1703843373815383,0.01357163058527638,0.9852842170756166,
-0.9532002424098043,0.08853581790663911,-0.9335675699080711,1.0,-0.1703843373815383,0.01357163058527638,0.9852842170756166,
-0.9532002424098043,0.43641412659226586,-0.9383593607561221,1.0,-0.1703843373815383,0.01357163058527638,0.9852842170756166,
-0.9532002424098043,0.08853581790663911,-0.9335675699080711,1.0,0.16953307169378895,0.01309068334206531,0.9854375533800741,
-0.9450500173446106,0.0737257932359836,-0.9347729830192032,1.0,0.16953307169378895,0.01309068334206531,0.9854375533800741,
-0.9462497899319636,0.40679407725095484,-0.9389910994193744,1.0,0.16953307169378895,0.01309068334206531,0.9854375533800741,
-0.9450500173446106,0.0737257932359836,-0.9347729830192032,1.0,0.5093465626713383,0.01063945330554771,0.8604957182509693,
-0.9368997922794169,0.024699024139617,-0.9389910994193744,1.0,0.5093465626713383,0.01063945330554771,0.8604957182509693,
-0.9392993374541231,0.30874053905822163,-0.9410827383548483,1.0,0.5093465626713383,0.01063945330554771,0.8604957182509693,
-0.9392993374541231,-0.827425188820681,-0.9410827383548483,1.0,0.8326253628743385,-0.013834255801935274,0.5536638135771403,
-0.9368997922794169,-0.9254787270134139,-0.9471413244845681,1.0,0.8326253628743385,-0.013834255801935274,0.5536638135771403,
-0.9320612182635515,-0.5924104429984427,-0.9460955050168312,1.0,0.8326253628743385,-0.013834255801935274,0.5536638135771403,
-0.9368997922794169,-0.9254787270134139,-0.9471413244845681,1.0,0.9810524421469615,-0.015502633223863953,0.1931211384613526,
-0.9361751508715688,-0.9550991081502417,-0.9532002424098043,1.0,0.9810524421469615,-0.015502633223863953,0.1931211384613526,
-0.9306779627556214,-0.6072207994646147,-0.9532002424098043,1.0,0.9810524421469615,-0.015502633223863953,0.1931211384613526,
-0.9361751508715688,-0.9550991081502417,-0.9532002424098043,1.0,0.9816637360307903,-0.014857617498692426,-0.1900409444418051,
-0.9368997922794169,-0.9254787270134139,-0.9592591603350404,1.0,0.9816637360307903,-0.014857617498692426,-0.1900409444418051,
-0.9320612182635515,-0.5924104429984427,-0.9603049798027774,1.0,0.9816637360307903,-0.014857617498692426,-0.1900409444418051,
-0.9368997922794169,-0.9254787270134139,-0.9592591603350404,1.0,0.8555983293907978,-0.011038952964225711,-0.5175225987926804,
-0.9392993374541231,-0.827425188820681,-0.9653177464647602,1.0,0.8555983293907978,-0.011038952964225711,-0.5175225987926804,
-0.9368997922794169,-0.5433840056975926,-0.9674093854002341,1.0,0.8555983293907978,-0.011038952964225711,-0.5175225987926804,
-0.9368997922794169,-0.5433840056975926,-0.9389910994193744,1.0,0.8136824936267875,-0.003930562654509644,0.5812962671843954,
-0.9320612182635515,-0.5924104429984427,-0.9460955050168312,1.0,0.8136824936267875,-0.003930562654509644,0.5812962671843954,
-0.9306779627556214,-0.25934249077898786,-0.9457796356852051,1.0,0.8136824936267875,-0.003930562654509644,0.5812962671843954,
-0.9320612182635515,-0.5924104429984427,-0.9460955050168312,1.0,0.9798081193025986,-0.0043791163207522596,0.1998921526447552,
-0.9306779627556214,-0.6072207994646147,-0.9532002424098043,1.0,0.9798081193025986,-0.0043791163207522596,0.1998921526447552,
-0.9291231689657055,-0.25934249077898786,-0.9532002424098043,1.0,0.9798081193025986,-0.0043791163207522596,0.1998921526447552,
-0.9306779627556214,-0.6072207994646147,-0.9532002424098043,1.0,0.9798578281217739,-0.004258762629845963,-0.19965094442386877,
-0.9320612182635515,-0.5924104429984427,-0.9603049798027774,1.0,0.9798578281217739,-0.004258762629845963,-0.19965094442386877,
-0.9306779627556214,-0.25934249077898786,-0.9606208491344036,1.0,0.9798578281217739,-0.004258762629845963,-0.19965094442386877,
-0.9320612182635515,-0.5924104429984427,-0.9603049798027774,1.0,0.8155467374425491,-0.0033676568675445793,-0.5786814131575648,
-0.9368997922794169,-0.5433840056975926,-0.9674093854002341,1.0,0.8155467374425491,-0.0033676568675445793,-0.5786814131575648,
-0.9361751508715688,-0.25934249077898786,-0.9680411240634864,1.0,0.8155467374425491,-0.0033676568675445793,-0.5786814131575648,
-0.9361751508715688,-0.25934249077898786,-0.9383593607561221,1.0,0.8035154332980969,0.003901587473911422,0.5952711365982353,
-0.9306779627556214,-0.25934249077898786,-0.9457796356852051,1.0,0.8035154332980969,0.003901587473911422,0.5952711365982353,
-0.9320612182635515,0.0737257932359836,-0.9460955050168312,1.0,0.8035154332980969,0.003901587473911422,0.5952711365982353,
-0.9306779627556214,-0.25934249077898786,-0.9457796356852051,1.0,0.9787377714429754,0.0043743325496356286,0.20506886639756783,
-0.9291231689657055,-0.25934249077898786,-0.9532002424098043,1.0,0.9787377714429754,0.0043743325496356286,0.20506886639756783,
-0.9306779627556214,0.08853581790663911,-0.9532002424098043,1.0,0.9787377714429754,0.0043743325496356286,0.20506886639756783,
-0.9291231689657055,-0.25934249077898786,-0.9532002424098043,1.0,0.9787382576892776,0.004259246982681663,-0.20506896827774235,
-0.9306779627556214,-0.25934249077898786,-0.9606208491344036,1.0,0.9787382576892776,0.004259246982681663,-0.20506896827774235,
-0.9320612182635515,0.0737257932359836,-0.9603049798027774,1.0,0.9787382576892776,0.004259246982681663,-0.20506896827774235,
-0.9306779627556214,-0.25934249077898786,-0.9606208491344036,1.0,0.8035169758322176,0.0033738666226485674,-0.5952722793591685,
-0.9361751508715688,-0.25934249077898786,-0.9680411240634864,1.0,0.8035169758322176,0.0033738666226485674,-0.5952722793591685,
-0.9368997922794169,0.024699024139617,-0.9674093854002341,1.0,0.8035169758322176,0.0033738666226485674,-0.5952722793591685,
-0.9368997922794169,0.024699024139617,-0.9389910994193744,1.0,0.7813242362742174,0.013309790667004424,0.6239834030508434,
-0.9320612182635515,0.0737257932359836,-0.9460955050168312,1.0,0.7813242362742174,0.013309790667004424,0.6239834030508434,
-0.9368997922794169,0.40679407725095484,-0.9471413244845681,1.0,0.7813242362742174,0.013309790667004424,0.6239834030508434,
-0.9320612182635515,0.0737257932359836,-0.9460955050168312,1.0,0.9749408212643694,0.015406057125710856,0.22193027832226092,
-0.9306779627556214,0.08853581790663911,-0.9532002424098043,1.0,0.9749408212643694,0.015406057125710856,0.22193027832226092,
-0.9361751508715688,0.43641412659226586,-0.9532002424098043,1.0,0.9749408212643694,0.015406057125710856,0.22193027832226092,
-0.9306779627556214,0.08853581790663911,-0.9532002424098043,1.0,0.9751962606990912,0.014860378307568145,-0.22084252823010828,
-0.9320612182635515,0.0737257932359836,-0.9603049798027774,1.0,0.9751962606990912,0.014860378307568145,-0.22084252823010828,
-0.9368997922794169,0.40679407725095484,-0.9592591603350404,1.0,0.9751962606990912,0.014860378307568145,-0.22084252823010828,
-0.9320612182635515,0.0737257932359836,-0.9603049798027774,1.0,0.7888550343052262,0.011189062474944363,-0.6144774525824622,
-0.9368997922794169,0.024699024139617,-0.9674093854002341,1.0,0.7888550343052262,0.011189062474944363,-0.6144774525824622,
-0.9392993374541231,0.30874053905822163,-0.9653177464647602,1.0,0.7888550343052262,0.011189062474944363,-0.6144774525824622,
-0.9532002424098043,-0.9550991081502417,-0.9383593607561221,1.0,0.0,1.0,0.0,
-0.9361751508715688,-0.9550991081502417,-0.9532002424098043,1.0,0.0,1.0,0.0,
-0.9532002424098043,-0.9550991081502417,-0.9680411240634864,1.0,0.0,1.0,0.0,
-0.9392993374541231,0.30874053905822163,-0.9653177464647602,1.0,0.5967736577376247,0.025193616154398187,-0.8020140167949193,
-0.9462497899319636,0.40679407725095484,-0.9674093854002341,1.0,0.5967736577376247,0.025193616154398187,-0.8020140167949193,
-0.9450500173446106,0.604536241941309,-0.9603049798027774,1.0,0.5967736577376247,0.025193616154398187,-0.8020140167949193,
-0.9462497899319636,0.40679407725095484,-0.9674093854002341,1.0,0.22556500743128655,0.032162565440372444,-0.9736970765113848,
-0.9532002424098043,0.43641412659226586,-0.9680411240634864,1.0,0.22556500743128655,0.032162565440372444,-0.9736970765113848,
-0.9532002424098043,0.6610572763669187,-0.9606208491344036,1.0,0.22556500743128655,0.032162565440372444,-0.9736970765113848,
-0.9532002424098043,0.43641412659226586,-0.9680411240634864,1.0,-0.23126542156342222,0.03352971363022362,-0.9723127393452005,
-0.9601506948876449,0.40679407725095484,-0.9674093854002341,1.0,-0.23126542156342222,0.03352971363022362,-0.9723127393452005,
-0.961350467474998,0.604536241941309,-0.9603049798027774,1.0,-0.23126542156342222,0.03352971363022362,-0.9723127393452005,
-0.9601506948876449,0.40679407725095484,-0.9674093854002341,1.0,-0.6567815200085007,0.030482866876614983,-0.7534645511252047,
-0.9671011473654856,0.30874053905822163,-0.9653177464647602,1.0,-0.6567815200085007,0.030482866876614983,-0.7534645511252047,
-0.9695006925401917,0.40679407725095484,-0.9592591603350404,1.0,-0.6567815200085007,0.030482866876614983,-0.7534645511252047,
-0.9368997922794169,0.40679407725095484,-0.9592591603350404,1.0,0.9391665840509414,0.036903101576197944,-0.3414737010314891,
-0.9450500173446106,0.604536241941309,-0.9603049798027774,1.0,0.9391665840509414,0.036903101576197944,-0.3414737010314891,
-0.9446876966406865,0.6610572763669187,-0.9532002424098043,1.0,0.9391665840509414,0.036903101576197944,-0.3414737010314891,
-0.9450500173446106,0.604536241941309,-0.9603049798027774,1.0,0.6444552984070075,0.08868483774351872,-0.7594816442215971,
-0.9532002424098043,0.6610572763669187,-0.9606208491344036,1.0,0.6444552984070075,0.08868483774351872,-0.7594816442215971,
-0.9532002424098043,0.7246060716256935,-0.9532002424098043,1.0,0.6444552984070075,0.08868483774351872,-0.7594816442215971,
-0.9532002424098043,0.6610572763669187,-0.9606208491344036,1.0,-0.6544287581892975,0.09017191342130673,-0.7507276646592653,
-0.961350467474998,0.604536241941309,-0.9603049798027774,1.0,-0.6544287581892975,0.09017191342130673,-0.7507276646592653,
-0.961712788178922,0.6610572763669187,-0.9532002424098043,1.0,-0.6544287581892975,0.09017191342130673,-0.7507276646592653,
-0.961350467474998,0.604536241941309,-0.9603049798027774,1.0,-0.9536645930770015,0.03772795312538918,-0.29849697731174013,
-0.9695006925401917,0.40679407725095484,-0.9592591603350404,1.0,-0.9536645930770015,0.03772795312538918,-0.29849697731174013,
-0.9702253339480398,0.43641412659226586,-0.9532002424098043,1.0,-0.9536645930770015,0.03772795312538918,-0.29849697731174013,
-0.9361751508715688,0.43641412659226586,-0.9532002424098043,1.0,0.942532083378937,0.035715967776776644,0.332201206269828,
-0.9446876966406865,0.6610572763669187,-0.9532002424098043,1.0,0.942532083378937,0.035715967776776644,0.332201206269828,
-0.9450500173446106,0.604536241941309,-0.9460955050168312,1.0,0.942532083378937,0.035715967776776644,0.332201206269828,
-0.9446876966406865,0.6610572763669187,-0.9532002424098043,1.0,0.6545748221186201,0.08768219932269247,0.7508952218321225,
-0.9532002424098043,0.7246060716256935,-0.9532002424098043,1.0,0.6545748221186201,0.08768219932269247,0.7508952218321225,
-0.9532002424098043,0.6610572763669187,-0.9457796356852051,1.0,0.6545748221186201,0.08768219932269247,0.7508952218321225,
-0.9532002424098043,0.7246060716256935,-0.9532002424098043,1.0,-0.6644786775881348,0.08900884953898168,0.7419875414954554,
-0.961712788178922,0.6610572763669187,-0.9532002424098043,1.0,-0.6644786775881348,0.08900884953898168,0.7419875414954554,
-0.961350467474998,0.604536241941309,-0.9460955050168312,1.0,-0.6644786775881348,0.08900884953898168,0.7419875414954554,
-0.961712788178922,0.6610572763669187,-0.9532002424098043,1.0,-0.9559126002239895,0.036223004212885296,0.291408638682529,
-0.9702253339480398,0.43641412659226586,-0.9532002424098043,1.0,-0.9559126002239895,0.036223004212885296,0.291408638682529,
-0.9695006925401917,0.40679407725095484,-0.9471413244845681,1.0,-0.9559126002239895,0.036223004212885296,0.291408638682529,
-0.9368997922794169,0.40679407725095484,-0.9471413244845681,1.0,0.6569116920541557,0.023089835558300558,0.753613885445615,
-0.9450500173446106,0.604536241941309,-0.9460955050168312,1.0,0.6569116920541557,0.023089835558300558,0.753613885445615,
-0.9462497899319636,0.40679407725095484,-0.9389910994193744,1.0,0.6569116920541557,0.023089835558300558,0.753613885445615,
-0.9450500173446106,0.604536241941309,-0.9460955050168312,1.0,0.2585759135813279,0.031890628320185334,0.9654643881267323,
-0.9532002424098043,0.6610572763669187,-0.9457796356852051,1.0,0.2585759135813279,0.031890628320185334,0.9654643881267323,
-0.9532002424098043,0.43641412659226586,-0.9383593607561221,1.0,0.2585759135813279,0.031890628320185334,0.9654643881267323,
-0.9532002424098043,0.6610572763669187,-0.9457796356852051,1.0,-0.2661631492228923,0.03299643643726973,0.9633630744315423,
-0.961350467474998,0.604536241941309,-0.9460955050168312,1.0,-0.2661631492228923,0.03299643643726973,0.9633630744315423,
-0.9601506948876449,0.40679407725095484,-0.9389910994193744,1.0,-0.2661631492228923,0.03299643643726973,0.9633630744315423,
-0.961350467474998,0.604536241941309,-0.9460955050168312,1.0,-0.7142295306160891,0.025738796893313112,0.6994381258770542,
-0.9695006925401917,0.40679407725095484,-0.9471413244845681,1.0,-0.7142295306160891,0.025738796893313112,0.6994381258770542,
-0.9671011473654856,0.30874053905822163,-0.9410827383548483,1.0,-0.7142295306160891,0.025738796893313112,0.6994381258770542,
-0.9462497899319636,-0.9254787270134139,-0.9674093854002341,1.0,0.6567815200085007,-0.030482866876614306,-0.7534645511252046,
-0.9392993374541231,-0.827425188820681,-0.9653177464647602,1.0,0.6567815200085007,-0.030482866876614306,-0.7534645511252046,
-0.9368997922794169,-0.9254787270134139,-0.9592591603350404,1.0,0.6567815200085007,-0.030482866876614306,-0.7534645511252046,
-0.9361751508715688,-0.9550991081502417,-0.9532002424098043,1.0,0.6509185762816007,-0.13681283166255692,-0.7467176549031146,
-0.9532002424098043,-0.9550991081502417,-0.9680411240634864,1.0,0.6509185762816007,-0.13681283166255692,-0.7467176549031146,
-0.9462497899319636,-0.9254787270134139,-0.9674093854002341,1.0,0.6509185762816007,-0.13681283166255692,-0.7467176549031146,
-0.9392993374541231,-0.827425188820681,-0.9410827383548483,1.0,0.6567815200085007,-0.030482866876614306,0.7534645511252046,
-0.9462497899319636,-0.9254787270134139,-0.9389910994193744,1.0,0.6567815200085007,-0.030482866876614306,0.7534645511252046,
-0.9368997922794169,-0.9254787270134139,-0.9471413244845681,1.0,0.6567815200085007,-0.030482866876614306,0.7534645511252046,
-0.9532002424098043,-0.9550991081502417,-0.9383593607561221,1.0,0.6509180645252802,-0.136818470564463,0.7467170678289498,
-0.9361751508715688,-0.9550991081502417,-0.9532002424098043,1.0,0.6509180645252802,-0.136818470564463,0.7467170678289498,
-0.9368997922794169,-0.9254787270134139,-0.9471413244845681,1.0,0.6509180645252802,-0.136818470564463,0.7467170678289498,
-0.9671011473654856,-0.827425188820681,-0.9410827383548483,1.0,-0.6567815200085007,-0.03048286687661505,0.7534645511252046,
-0.9695006925401917,-0.9254787270134139,-0.9471413244845681,1.0,-0.6567815200085007,-0.03048286687661505,0.7534645511252046,
-0.9601506948876449,-0.9254787270134139,-0.9389910994193744,1.0,-0.6567815200085007,-0.03048286687661505,0.7534645511252046,
-0.9702253339480398,-0.9550991081502417,-0.9532002424098043,1.0,-0.6509185762816007,-0.13681283166255692,0.7467176549031146,
-0.9532002424098043,-0.9550991081502417,-0.9383593607561221,1.0,-0.6509185762816007,-0.13681283166255692,0.7467176549031146,
-0.9601506948876449,-0.9254787270134139,-0.9389910994193744,1.0,-0.6509185762816007,-0.13681283166255692,0.7467176549031146,
-0.9671011473654856,-0.827425188820681,-0.9653177464647602,1.0,-0.6567815200085007,-0.03048286687661505,-0.7534645511252046,
-0.9601506948876449,-0.9254787270134139,-0.9674093854002341,1.0,-0.6567815200085007,-0.03048286687661505,-0.7534645511252046,
-0.9695006925401917,-0.9254787270134139,-0.9592591603350404,1.0,-0.6567815200085007,-0.03048286687661505,-0.7534645511252046,
-0.9532002424098043,-0.9550991081502417,-0.9680411240634864,1.0,-0.6509180645252802,-0.136818470564463,-0.7467170678289498,
-0.9702253339480398,-0.9550991081502417,-0.9532002424098043,1.0,-0.6509180645252802,-0.136818470564463,-0.7467170678289498,
-0.9695006925401917,-0.9254787270134139,-0.9592591603350404,1.0,-0.6509180645252802,-0.136818470564463,-0.7467170678289498,
-0.9261804745306296,0.6341971021311394,-0.980220010288979,1.0,0.4979858548561677,-0.11772911223649668,-0.8591565308459096,
-0.9396901925724588,0.6110865490263544,-0.9848837280676942,1.0,0.4979858548561677,-0.11772911223649668,-0.8591565308459096,
-0.9373583336831011,0.6895883728233594,-0.9942891355714821,1.0,0.4979858548561677,-0.11772911223649668,-0.8591565308459096,
-0.9396901925724588,0.6110865490263544,-0.9848837280676942,1.0,0.16776711777989442,-0.12739016974720316,-0.9775612199978096,
-0.9532002424098043,0.6041052395654873,-0.9862925318303881,1.0,0.16776711777989442,-0.12739016974720316,-0.9775612199978096,
-0.9532002424098043,0.6860978839906839,-0.9969773428454684,1.0,0.16776711777989442,-0.12739016974720316,-0.9775612199978096,
-0.9532002424098043,0.6041052395654873,-0.9862925318303881,1.0,-0.16518099550047707,-0.12216216759728113,-0.9786683010772368,
-0.9667102922471499,0.6110865490263544,-0.9848837280676942,1.0,-0.16518099550047707,-0.12216216759728113,-0.9786683010772368,
-0.9690421511365075,0.6895883728233594,-0.9942891355714821,1.0,-0.16518099550047707,-0.12216216759728113,-0.9786683010772368,
-0.9667102922471499,0.6110865490263544,-0.9848837280676942,1.0,-0.46431452889240193,-0.09369839582873737,-0.8807000788455444,
-0.980220010288979,0.6341971021311394,-0.980220010288979,1.0,-0.46431452889240193,-0.09369839582873737,-0.8807000788455444,
-0.9848837280676942,0.7011434834779935,-0.9848837280676942,1.0,-0.46431452889240193,-0.09369839582873737,-0.8807000788455444,
-0.9215167567519144,0.7011434834779935,-0.9848837280676942,1.0,0.5283356121932332,-0.03379202853510867,-0.848362882082829,
-0.9373583336831011,0.6895883728233594,-0.9942891355714821,1.0,0.5283356121932332,-0.03379202853510867,-0.848362882082829,
-0.9366539318017542,0.7680901966203642,-0.9969773428454684,1.0,0.5283356121932332,-0.03379202853510867,-0.848362882082829,
-0.9373583336831011,0.6895883728233594,-0.9942891355714821,1.0,0.17495098296848807,-0.036271924025214466,-0.9839087869746204,
-0.9532002424098043,0.6860978839906839,-0.9969773428454684,1.0,0.17495098296848807,-0.036271924025214466,-0.9839087869746204,
-0.9532002424098043,0.7680901966203642,-1.0,1.0,0.17495098296848807,-0.036271924025214466,-0.9839087869746204,
-0.9532002424098043,0.6860978839906839,-0.9969773428454684,1.0,-0.17474130588385575,-0.035263353727675556,-0.983982709147819,
-0.9690421511365075,0.6895883728233594,-0.9942891355714821,1.0,-0.17474130588385575,-0.035263353727675556,-0.983982709147819,
-0.9697465530178544,0.7680901966203642,-0.9969773428454684,1.0,-0.17474130588385575,-0.035263353727675556,-0.983982709147819,
-0.9690421511365075,0.6895883728233594,-0.9942891355714821,1.0,-0.5258347551116219,-0.02895457018615393,-0.8500937849331894,
-0.9848837280676942,0.7011434834779935,-0.9848837280676942,1.0,-0.5258347551116219,-0.02895457018615393,-0.8500937849331894,
-0.9862925318303881,0.7680901966203642,-0.9862925318303881,1.0,-0.5258347551116219,-0.02895457018615393,-0.8500937849331894,
-0.9201079529892204,0.7680901966203642,-0.9862925318303881,1.0,0.5421782177754445,0.03361584985087327,-0.8395908258244883,
-0.9366539318017542,0.7680901966203642,-0.9969773428454684,1.0,0.5421782177754445,0.03361584985087327,-0.8395908258244883,
-0.9373583336831011,0.8465920204173689,-0.9942891355714821,1.0,0.5421782177754445,0.03361584985087327,-0.8395908258244883,
-0.9366539318017542,0.7680901966203642,-0.9969773428454684,1.0,0.1795866673458546,0.03624101649362005,-0.983074370348001,
-0.9532002424098043,0.7680901966203642,-1.0,1.0,0.1795866673458546,0.03624101649362005,-0.983074370348001,
-0.9532002424098043,0.850082841045561,-0.9969773428454684,1.0,0.1795866673458546,0.03624101649362005,-0.983074370348001,
-0.9532002424098043,0.7680901966203642,-1.0,1.0,-0.17959286649593126,0.035276944100452436,-0.9831083050807313,
-0.9697465530178544,0.7680901966203642,-0.9969773428454684,1.0,-0.17959286649593126,0.035276944100452436,-0.9831083050807313,
-0.9690421511365075,0.8465920204173689,-0.9942891355714821,1.0,-0.17959286649593126,0.035276944100452436,-0.9831083050807313,
-0.9697465530178544,0.7680901966203642,-0.9969773428454684,1.0,-0.5422553638020964,0.029081757286940842,-0.8397102904103056,
-0.9862925318303881,0.7680901966203642,-0.9862925318303881,1.0,-0.5422553638020964,0.029081757286940842,-0.8397102904103056,
-0.9848837280676942,0.8350365779672184,-0.9848837280676942,1.0,-0.5422553638020964,0.029081757286940842,-0.8397102904103056,
-0.9215167567519144,0.8350365779672184,-0.9848837280676942,1.0,0.567604952541288,0.11454191989486553,-0.8152942821076329,
-0.9373583336831011,0.8465920204173689,-0.9942891355714821,1.0,0.567604952541288,0.11454191989486553,-0.8152942821076329,
-0.9396901925724588,0.9250938442143739,-0.9848837280676942,1.0,0.567604952541288,0.11454191989486553,-0.8152942821076329,
-0.9373583336831011,0.8465920204173689,-0.9942891355714821,1.0,0.19304096969843487,0.12679211250691302,-0.9729639994490662,
-0.9532002424098043,0.850082841045561,-0.9969773428454684,1.0,0.19304096969843487,0.12679211250691302,-0.9729639994490662,
-0.9532002424098043,0.9320748218797243,-0.9862925318303881,1.0,0.19304096969843487,0.12679211250691302,-0.9729639994490662,
-0.9532002424098043,0.850082841045561,-0.9969773428454684,1.0,-0.19219093790610328,0.12236902775247241,-0.9736983436535604,
-0.9690421511365075,0.8465920204173689,-0.9942891355714821,1.0,-0.19219093790610328,0.12236902775247241,-0.9736983436535604,
-0.9667102922471499,0.9250938442143739,-0.9848837280676942,1.0,-0.19219093790610328,0.12236902775247241,-0.9736983436535604,
-0.9690421511365075,0.8465920204173689,-0.9942891355714821,1.0,-0.5591531795720638,0.09631650928176379,-0.8234505764247345,
-0.9848837280676942,0.8350365779672184,-0.9848837280676942,1.0,-0.5591531795720638,0.09631650928176379,-0.8234505764247345,
-0.980220010288979,0.9019832911095889,-0.980220010288979,1.0,-0.5591531795720638,0.09631650928176379,-0.8234505764247345,
-0.980220010288979,0.6341971021311394,-0.980220010288979,1.0,-0.8591565308459083,-0.11772911223649585,-0.4979858548561699,
-0.9848837280676942,0.6110865490263544,-0.9667102922471499,1.0,-0.8591565308459083,-0.11772911223649585,-0.4979858548561699,
-0.9942891355714821,0.6895883728233594,-0.9690421511365075,1.0,-0.8591565308459083,-0.11772911223649585,-0.4979858548561699,
-0.9848837280676942,0.6110865490263544,-0.9667102922471499,1.0,-0.9775612199978096,-0.12739016974720316,-0.16776711777989303,
-0.9862925318303881,0.6041052395654873,-0.9532002424098043,1.0,-0.9775612199978096,-0.12739016974720316,-0.16776711777989303,
-0.9969773428454684,0.6860978839906839,-0.9532002424098043,1.0,-0.9775612199978096,-0.12739016974720316,-0.16776711777989303,
-0.9862925318303881,0.6041052395654873,-0.9532002424098043,1.0,-0.9786683010772366,-0.1221621675972814,0.16518099550047852,
-0.9848837280676942,0.6110865490263544,-0.9396901925724588,1.0,-0.9786683010772366,-0.1221621675972814,0.16518099550047852,
-0.9942891355714821,0.6895883728233594,-0.9373583336831011,1.0,-0.9786683010772366,-0.1221621675972814,0.16518099550047852,
-0.9848837280676942,0.6110865490263544,-0.9396901925724588,1.0,-0.8807000788455461,-0.09369839582873729,0.4643145288923986,
-0.980220010288979,0.6341971021311394,-0.9261804745306296,1.0,-0.8807000788455461,-0.09369839582873729,0.4643145288923986,
-0.9848837280676942,0.7011434834779935,-0.9215167567519144,1.0,-0.8807000788455461,-0.09369839582873729,0.4643145288923986,
-0.9848837280676942,0.7011434834779935,-0.9848837280676942,1.0,-0.848362882082829,-0.03379202853510867,-0.5283356121932332,
-0.9942891355714821,0.6895883728233594,-0.9690421511365075,1.0,-0.848362882082829,-0.03379202853510867,-0.5283356121932332,
-0.9969773428454684,0.7680901966203642,-0.9697465530178544,1.0,-0.848362882082829,-0.03379202853510867,-0.5283356121932332,
-0.9942891355714821,0.6895883728233594,-0.9690421511365075,1.0,-0.9839087869746204,-0.036271924025214466,-0.17495098296848807,
-0.9969773428454684,0.6860978839906839,-0.9532002424098043,1.0,-0.9839087869746204,-0.036271924025214466,-0.17495098296848807,
-1.0,0.7680901966203642,-0.9532002424098043,1.0,-0.9839087869746204,-0.036271924025214466,-0.17495098296848807,
-0.9969773428454684,0.6860978839906839,-0.9532002424098043,1.0,-0.983982709147819,-0.035263353727675556,0.17474130588385575,
-0.9942891355714821,0.6895883728233594,-0.9373583336831011,1.0,-0.983982709147819,-0.035263353727675556,0.17474130588385575,
-0.9969773428454684,0.7680901966203642,-0.9366539318017542,1.0,-0.983982709147819,-0.035263353727675556,0.17474130588385575,
-0.9942891355714821,0.6895883728233594,-0.9373583336831011,1.0,-0.8500937849331894,-0.02895457018615393,0.5258347551116219,
-0.9848837280676942,0.7011434834779935,-0.9215167567519144,1.0,-0.8500937849331894,-0.02895457018615393,0.5258347551116219,
-0.9862925318303881,0.7680901966203642,-0.9201079529892204,1.0,-0.8500937849331894,-0.02895457018615393,0.5258347551116219,
-0.9862925318303881,0.7680901966203642,-0.9862925318303881,1.0,-0.8395908258244883,0.03361584985087327,-0.5421782177754445,
-0.9969773428454684,0.7680901966203642,-0.9697465530178544,1.0,-0.8395908258244883,0.03361584985087327,-0.5421782177754445,
-0.9942891355714821,0.8465920204173689,-0.9690421511365075,1.0,-0.8395908258244883,0.03361584985087327,-0.5421782177754445,
-0.9969773428454684,0.7680901966203642,-0.9697465530178544,1.0,-0.983074370348001,0.03624101649362005,-0.1795866673458546,
-1.0,0.7680901966203642,-0.9532002424098043,1.0,-0.983074370348001,0.03624101649362005,-0.1795866673458546,
-0.9969773428454684,0.850082841045561,-0.9532002424098043,1.0,-0.983074370348001,0.03624101649362005,-0.1795866673458546,
-1.0,0.7680901966203642,-0.9532002424098043,1.0,-0.9831083050807311,0.03527694410045243,0.17959286649593123,
-0.9969773428454684,0.7680901966203642,-0.9366539318017542,1.0,-0.9831083050807311,0.03527694410045243,0.17959286649593123,
-0.9942891355714821,0.8465920204173689,-0.9373583336831011,1.0,-0.9831083050807311,0.03527694410045243,0.17959286649593123,
-0.9969773428454684,0.7680901966203642,-0.9366539318017542,1.0,-0.8397102904103056,0.029081757286940842,0.5422553638020964,
-0.9862925318303881,0.7680901966203642,-0.9201079529892204,1.0,-0.8397102904103056,0.029081757286940842,0.5422553638020964,
-0.9848837280676942,0.8350365779672184,-0.9215167567519144,1.0,-0.8397102904103056,0.029081757286940842,0.5422553638020964,
-0.9848837280676942,0.8350365779672184,-0.9848837280676942,1.0,-0.8152942821076332,0.11454191989486476,-0.5676049525412876,
-0.9942891355714821,0.8465920204173689,-0.9690421511365075,1.0,-0.8152942821076332,0.11454191989486476,-0.5676049525412876,
-0.9848837280676942,0.9250938442143739,-0.9667102922471499,1.0,-0.8152942821076332,0.11454191989486476,-0.5676049525412876,
-0.9942891355714821,0.8465920204173689,-0.9690421511365075,1.0,-0.9729639994490662,0.12679211250691302,-0.19304096969843487,
-0.9969773428454684,0.850082841045561,-0.9532002424098043,1.0,-0.9729639994490662,0.12679211250691302,-0.19304096969843487,
-0.9862925318303881,0.9320748218797243,-0.9532002424098043,1.0,-0.9729639994490662,0.12679211250691302,-0.19304096969843487,
-0.9969773428454684,0.850082841045561,-0.9532002424098043,1.0,-0.9736983436535602,0.12236902775247266,0.1921909379061033,
-0.9942891355714821,0.8465920204173689,-0.9373583336831011,1.0,-0.9736983436535602,0.12236902775247266,0.1921909379061033,
-0.9848837280676942,0.9250938442143739,-0.9396901925724588,1.0,-0.9736983436535602,0.12236902775247266,0.1921909379061033,
-0.9942891355714821,0.8465920204173689,-0.9373583336831011,1.0,-0.8234505764247345,0.09631650928176379,0.5591531795720638,
-0.9848837280676942,0.8350365779672184,-0.9215167567519144,1.0,-0.8234505764247345,0.09631650928176379,0.5591531795720638,
-0.980220010288979,0.9019832911095889,-0.9261804745306296,1.0,-0.8234505764247345,0.09631650928176379,0.5591531795720638,
-0.980220010288979,0.6341971021311394,-0.9261804745306296,1.0,-0.4979858548561699,-0.11772911223649585,0.8591565308459083,
-0.9667102922471499,0.6110865490263544,-0.9215167567519144,1.0,-0.4979858548561699,-0.11772911223649585,0.8591565308459083,
-0.9690421511365075,0.6895883728233594,-0.9121113492481264,1.0,-0.4979858548561699,-0.11772911223649585,0.8591565308459083,
-0.9667102922471499,0.6110865490263544,-0.9215167567519144,1.0,-0.16776711777989303,-0.12739016974720316,0.9775612199978096,
-0.9532002424098043,0.6041052395654873,-0.9201079529892204,1.0,-0.16776711777989303,-0.12739016974720316,0.9775612199978096,
-0.9532002424098043,0.6860978839906839,-0.9094231419741402,1.0,-0.16776711777989303,-0.12739016974720316,0.9775612199978096,
-0.9532002424098043,0.6041052395654873,-0.9201079529892204,1.0,0.16518099550047852,-0.1221621675972814,0.9786683010772366,
-0.9396901925724588,0.6110865490263544,-0.9215167567519144,1.0,0.16518099550047852,-0.1221621675972814,0.9786683010772366,
-0.9373583336831011,0.6895883728233594,-0.9121113492481264,1.0,0.16518099550047852,-0.1221621675972814,0.9786683010772366,
-0.9396901925724588,0.6110865490263544,-0.9215167567519144,1.0,0.4643145288923986,-0.09369839582873729,0.8807000788455461,
-0.9261804745306296,0.6341971021311394,-0.9261804745306296,1.0,0.4643145288923986,-0.09369839582873729,0.8807000788455461,
-0.9215167567519144,0.7011434834779935,-0.9215167567519144,1.0,0.4643145288923986,-0.09369839582873729,0.8807000788455461,
-0.9848837280676942,0.7011434834779935,-0.9215167567519144,1.0,-0.5283356121932332,-0.03379202853510867,0.848362882082829,
-0.9690421511365075,0.6895883728233594,-0.9121113492481264,1.0,-0.5283356121932332,-0.03379202853510867,0.848362882082829,
-0.9697465530178544,0.7680901966203642,-0.9094231419741402,1.0,-0.5283356121932332,-0.03379202853510867,0.848362882082829,
-0.9690421511365075,0.6895883728233594,-0.9121113492481264,1.0,-0.17495098296848807,-0.036271924025214466,0.9839087869746204,
-0.9532002424098043,0.6860978839906839,-0.9094231419741402,1.0,-0.17495098296848807,-0.036271924025214466,0.9839087869746204,
-0.9532002424098043,0.7680901966203642,-0.9064004848196086,1.0,-0.17495098296848807,-0.036271924025214466,0.9839087869746204,
-0.9532002424098043,0.6860978839906839,-0.9094231419741402,1.0,0.17474130588385575,-0.035263353727675556,0.983982709147819,
-0.9373583336831011,0.6895883728233594,-0.9121113492481264,1.0,0.17474130588385575,-0.035263353727675556,0.983982709147819,
-0.9366539318017542,0.7680901966203642,-0.9094231419741402,1.0,0.17474130588385575,-0.035263353727675556,0.983982709147819,
-0.9373583336831011,0.6895883728233594,-0.9121113492481264,1.0,0.5258347551116219,-0.02895457018615393,0.8500937849331894,
-0.9215167567519144,0.7011434834779935,-0.9215167567519144,1.0,0.5258347551116219,-0.02895457018615393,0.8500937849331894,
-0.9201079529892204,0.7680901966203642,-0.9201079529892204,1.0,0.5258347551116219,-0.02895457018615393,0.8500937849331894,
-0.9862925318303881,0.7680901966203642,-0.9201079529892204,1.0,-0.5421782177754445,0.03361584985087327,0.8395908258244883,
-0.9697465530178544,0.7680901966203642,-0.9094231419741402,1.0,-0.5421782177754445,0.03361584985087327,0.8395908258244883,
-0.9690421511365075,0.8465920204173689,-0.9121113492481264,1.0,-0.5421782177754445,0.03361584985087327,0.8395908258244883,
-0.9697465530178544,0.7680901966203642,-0.9094231419741402,1.0,-0.1795866673458546,0.03624101649362005,0.983074370348001,
-0.9532002424098043,0.7680901966203642,-0.9064004848196086,1.0,-0.1795866673458546,0.03624101649362005,0.983074370348001,
-0.9532002424098043,0.850082841045561,-0.9094231419741402,1.0,-0.1795866673458546,0.03624101649362005,0.983074370348001,
-0.9532002424098043,0.7680901966203642,-0.9064004848196086,1.0,0.17959286649593126,0.035276944100452436,0.9831083050807313,
-0.9366539318017542,0.7680901966203642,-0.9094231419741402,1.0,0.17959286649593126,0.035276944100452436,0.9831083050807313,
-0.9373583336831011,0.8465920204173689,-0.9121113492481264,1.0,0.17959286649593126,0.035276944100452436,0.9831083050807313,
-0.9366539318017542,0.7680901966203642,-0.9094231419741402,1.0,0.5422553638020964,0.029081757286940842,0.8397102904103056,
-0.9201079529892204,0.7680901966203642,-0.9201079529892204,1.0,0.5422553638020964,0.029081757286940842,0.8397102904103056,
-0.9215167567519144,0.8350365779672184,-0.9215167567519144,1.0,0.5422553638020964,0.029081757286940842,0.8397102904103056,
-0.9848837280676942,0.8350365779672184,-0.9215167567519144,1.0,-0.5676049525412876,0.11454191989486476,0.8152942821076332,
-0.9690421511365075,0.8465920204173689,-0.9121113492481264,1.0,-0.5676049525412876,0.11454191989486476,0.8152942821076332,
-0.9667102922471499,0.9250938442143739,-0.9215167567519144,1.0,-0.5676049525412876,0.11454191989486476,0.8152942821076332,
-0.9690421511365075,0.8465920204173689,-0.9121113492481264,1.0,-0.19304096969843487,0.12679211250691302,0.9729639994490662,
-0.9532002424098043,0.850082841045561,-0.9094231419741402,1.0,-0.19304096969843487,0.12679211250691302,0.9729639994490662,
-0.9532002424098043,0.9320748218797243,-0.9201079529892204,1.0,-0.19304096969843487,0.12679211250691302,0.9729639994490662,
-0.9532002424098043,0.850082841045561,-0.9094231419741402,1.0,0.1921909379061033,0.12236902775247266,0.9736983436535602,
-0.9373583336831011,0.8465920204173689,-0.9121113492481264,1.0,0.1921909379061033,0.12236902775247266,0.9736983436535602,
-0.9396901925724588,0.9250938442143739,-0.9215167567519144,1.0,0.1921909379061033,0.12236902775247266,0.9736983436535602,
-0.9373583336831011,0.8465920204173689,-0.9121113492481264,1.0,0.5591531795720638,0.09631650928176379,0.8234505764247345,
-0.9215167567519144,0.8350365779672184,-0.9215167567519144,1.0,0.5591531795720638,0.09631650928176379,0.8234505764247345,
-0.9261804745306296,0.9019832911095889,-0.9261804745306296,1.0,0.5591531795720638,0.09631650928176379,0.8234505764247345,
-0.9261804745306296,0.6341971021311394,-0.9261804745306296,1.0,0.8591565308459096,-0.11772911223649668,0.4979858548561677,
-0.9215167567519144,0.6110865490263544,-0.9396901925724588,1.0,0.8591565308459096,-0.11772911223649668,0.4979858548561677,
-0.9121113492481264,0.6895883728233594,-0.9373583336831011,1.0,0.8591565308459096,-0.11772911223649668,0.4979858548561677,
-0.9215167567519144,0.6110865490263544,-0.9396901925724588,1.0,0.9775612199978096,-0.12739016974720316,0.16776711777989442,
-0.9201079529892204,0.6041052395654873,-0.9532002424098043,1.0,0.9775612199978096,-0.12739016974720316,0.16776711777989442,
-0.9094231419741402,0.6860978839906839,-0.9532002424098043,1.0,0.9775612199978096,-0.12739016974720316,0.16776711777989442,
-0.9201079529892204,0.6041052395654873,-0.9532002424098043,1.0,0.9786683010772368,-0.12216216759728113,-0.16518099550047707,
-0.9215167567519144,0.6110865490263544,-0.9667102922471499,1.0,0.9786683010772368,-0.12216216759728113,-0.16518099550047707,
-0.9121113492481264,0.6895883728233594,-0.9690421511365075,1.0,0.9786683010772368,-0.12216216759728113,-0.16518099550047707,
-0.9215167567519144,0.6110865490263544,-0.9667102922471499,1.0,0.8807000788455444,-0.09369839582873739,-0.464314528892402,
-0.9261804745306296,0.6341971021311394,-0.980220010288979,1.0,0.8807000788455444,-0.09369839582873739,-0.464314528892402,
-0.9215167567519144,0.7011434834779935,-0.9848837280676942,1.0,0.8807000788455444,-0.09369839582873739,-0.464314528892402,
-0.9215167567519144,0.7011434834779935,-0.9215167567519144,1.0,0.848362882082829,-0.03379202853510867,0.5283356121932332,
-0.9121113492481264,0.6895883728233594,-0.9373583336831011,1.0,0.848362882082829,-0.03379202853510867,0.5283356121932332,
-0.9094231419741402,0.7680901966203642,-0.9366539318017542,1.0,0.848362882082829,-0.03379202853510867,0.5283356121932332,
-0.9121113492481264,0.6895883728233594,-0.9373583336831011,1.0,0.9839087869746204,-0.036271924025214466,0.17495098296848807,
-0.9094231419741402,0.6860978839906839,-0.9532002424098043,1.0,0.9839087869746204,-0.036271924025214466,0.17495098296848807,
-0.9064004848196086,0.7680901966203642,-0.9532002424098043,1.0,0.9839087869746204,-0.036271924025214466,0.17495098296848807,
-0.9094231419741402,0.6860978839906839,-0.9532002424098043,1.0,0.983982709147819,-0.035263353727675556,-0.17474130588385575,
-0.9121113492481264,0.6895883728233594,-0.9690421511365075,1.0,0.983982709147819,-0.035263353727675556,-0.17474130588385575,
-0.9094231419741402,0.7680901966203642,-0.9697465530178544,1.0,0.983982709147819,-0.035263353727675556,-0.17474130588385575,
-0.9121113492481264,0.6895883728233594,-0.9690421511365075,1.0,0.8500937849331894,-0.02895457018615393,-0.5258347551116219,
-0.9215167567519144,0.7011434834779935,-0.9848837280676942,1.0,0.8500937849331894,-0.02895457018615393,-0.5258347551116219,
-0.9201079529892204,0.7680901966203642,-0.9862925318303881,1.0,0.8500937849331894,-0.02895457018615393,-0.5258347551116219,
-0.9201079529892204,0.7680901966203642,-0.9201079529892204,1.0,0.8395908258244883,0.03361584985087327,0.5421782177754445,
-0.9094231419741402,0.7680901966203642,-0.9366539318017542,1.0,0.8395908258244883,0.03361584985087327,0.5421782177754445,
-0.9121113492481264,0.8465920204173689,-0.9373583336831011,1.0,0.8395908258244883,0.03361584985087327,0.5421782177754445,
-0.9094231419741402,0.7680901966203642,-0.9366539318017542,1.0,0.983074370348001,0.03624101649362005,0.1795866673458546,
-0.9064004848196086,0.7680901966203642,-0.9532002424098043,1.0,0.983074370348001,0.03624101649362005,0.1795866673458546,
-0.9094231419741402,0.850082841045561,-0.9532002424098043,1.0,0.983074370348001,0.03624101649362005,0.1795866673458546,
-0.9064004848196086,0.7680901966203642,-0.9532002424098043,1.0,0.9831083050807311,0.03527694410045243,-0.17959286649593123,
-0.9094231419741402,0.7680901966203642,-0.9697465530178544,1.0,0.9831083050807311,0.03527694410045243,-0.17959286649593123,
-0.9121113492481264,0.8465920204173689,-0.9690421511365075,1.0,0.9831083050807311,0.03527694410045243,-0.17959286649593123,
-0.9094231419741402,0.7680901966203642,-0.9697465530178544,1.0,0.8397102904103056,0.029081757286940842,-0.5422553638020964,
-0.9201079529892204,0.7680901966203642,-0.9862925318303881,1.0,0.8397102904103056,0.029081757286940842,-0.5422553638020964,
-0.9215167567519144,0.8350365779672184,-0.9848837280676942,1.0,0.8397102904103056,0.029081757286940842,-0.5422553638020964,
-0.9215167567519144,0.8350365779672184,-0.9215167567519144,1.0,0.8152942821076329,0.11454191989486553,0.567604952541288,
-0.9121113492481264,0.8465920204173689,-0.9373583336831011,1.0,0.8152942821076329,0.11454191989486553,0.567604952541288,
-0.9215167567519144,0.9250938442143739,-0.9396901925724588,1.0,0.8152942821076329,0.11454191989486553,0.567604952541288,
-0.9121113492481264,0.8465920204173689,-0.9373583336831011,1.0,0.9729639994490662,0.12679211250691302,0.19304096969843487,
-0.9094231419741402,0.850082841045561,-0.9532002424098043,1.0,0.9729639994490662,0.12679211250691302,0.19304096969843487,
-0.9201079529892204,0.9320748218797243,-0.9532002424098043,1.0,0.9729639994490662,0.12679211250691302,0.19304096969843487,
-0.9094231419741402,0.850082841045561,-0.9532002424098043,1.0,0.9736983436535602,0.12236902775247238,-0.19219093790610325,
-0.9121113492481264,0.8465920204173689,-0.9690421511365075,1.0,0.9736983436535602,0.12236902775247238,-0.19219093790610325,
-0.9215167567519144,0.9250938442143739,-0.9667102922471499,1.0,0.9736983436535602,0.12236902775247238,-0.19219093790610325,
-0.9121113492481264,0.8465920204173689,-0.9690421511365075,1.0,0.8234505764247345,0.09631650928176379,-0.5591531795720638,
-0.9215167567519144,0.8350365779672184,-0.9848837280676942,1.0,0.8234505764247345,0.09631650928176379,-0.5591531795720638,
-0.9261804745306296,0.9019832911095889,-0.980220010288979,1.0,0.8234505764247345,0.09631650928176379,-0.5591531795720638,
-0.9261804745306296,0.6341971021311394,-0.9261804745306296,1.0,0.6332627960352032,-0.22047669808737974,0.7418680858199543,
-0.9396901925724588,0.6110865490263544,-0.9215167567519144,1.0,0.6332627960352032,-0.22047669808737974,0.7418680858199543,
-0.9373583336831011,0.5644798964267117,-0.9373583336831011,1.0,0.6332627960352032,-0.22047669808737974,0.7418680858199543,
-0.9396901925724588,0.6110865490263544,-0.9215167567519144,1.0,0.24587803320823703,-0.2891191724191921,0.925177873127806,
-0.9532002424098043,0.6041052395654873,-0.9201079529892204,1.0,0.24587803320823703,-0.2891191724191921,0.925177873127806,
-0.9532002424098043,0.5511583064426893,-0.9366539318017542,1.0,0.24587803320823703,-0.2891191724191921,0.925177873127806,
-0.9532002424098043,0.6041052395654873,-0.9201079529892204,1.0,-0.25109872270582617,-0.3002213091877973,0.9202263835410651,
-0.9667102922471499,0.6110865490263544,-0.9215167567519144,1.0,-0.25109872270582617,-0.3002213091877973,0.9202263835410651,
-0.9690421511365075,0.5644798964267117,-0.9373583336831011,1.0,-0.25109872270582617,-0.3002213091877973,0.9202263835410651,
-0.9667102922471499,0.6110865490263544,-0.9215167567519144,1.0,-0.6825482208583395,-0.2612582102178538,0.6825482208583354,
-0.980220010288979,0.6341971021311394,-0.9261804745306296,1.0,-0.6825482208583395,-0.2612582102178538,0.6825482208583354,
-0.9848837280676942,0.6110865490263544,-0.9396901925724588,1.0,-0.6825482208583395,-0.2612582102178538,0.6825482208583354,
-0.9215167567519144,0.6110865490263544,-0.9396901925724588,1.0,0.9108003079801871,-0.2951370278753062,0.288681370649592,
-0.9373583336831011,0.5644798964267117,-0.9373583336831011,1.0,0.9108003079801871,-0.2951370278753062,0.288681370649592,
-0.9366539318017542,0.5511583064426893,-0.9532002424098043,1.0,0.9108003079801871,-0.2951370278753062,0.288681370649592,
-0.9373583336831011,0.5644798964267117,-0.9373583336831011,1.0,0.5469078486268774,-0.6206695285681734,0.5618372908745753,
-0.9532002424098043,0.5511583064426893,-0.9366539318017542,1.0,0.5469078486268774,-0.6206695285681734,0.5618372908745753,
-0.9532002424098043,0.5361803932407283,-0.9532002424098043,1.0,0.5469078486268774,-0.6206695285681734,0.5618372908745753,
-0.9532002424098043,0.5511583064426893,-0.9366539318017542,1.0,-0.5512165671911649,-0.6263550048558534,0.5512165671911649,
-0.9690421511365075,0.5644798964267117,-0.9373583336831011,1.0,-0.5512165671911649,-0.6263550048558534,0.5512165671911649,
-0.9697465530178544,0.5511583064426893,-0.9532002424098043,1.0,-0.5512165671911649,-0.6263550048558534,0.5512165671911649,
-0.9690421511365075,0.5644798964267117,-0.9373583336831011,1.0,-0.9202263835410649,-0.30022130918779655,0.25109872270582784,
-0.9848837280676942,0.6110865490263544,-0.9396901925724588,1.0,-0.9202263835410649,-0.30022130918779655,0.25109872270582784,
-0.9862925318303881,0.6041052395654873,-0.9532002424098043,1.0,-0.9202263835410649,-0.30022130918779655,0.25109872270582784,
-0.9201079529892204,0.6041052395654873,-0.9532002424098043,1.0,0.9159064344528064,-0.28622183693948716,-0.2814115551766358,
-0.9366539318017542,0.5511583064426893,-0.9532002424098043,1.0,0.9159064344528064,-0.28622183693948716,-0.2814115551766358,
-0.9373583336831011,0.5644798964267117,-0.9690421511365075,1.0,0.9159064344528064,-0.28622183693948716,-0.2814115551766358,
-0.9366539318017542,0.5511583064426893,-0.9532002424098043,1.0,0.5572442033943453,-0.615595480463269,-0.5572442033943453,
-0.9532002424098043,0.5361803932407283,-0.9532002424098043,1.0,0.5572442033943453,-0.615595480463269,-0.5572442033943453,
-0.9532002424098043,0.5511583064426893,-0.9697465530178544,1.0,0.5572442033943453,-0.615595480463269,-0.5572442033943453,
-0.9532002424098043,0.5361803932407283,-0.9532002424098043,1.0,-0.5618372908745753,-0.6206695285681733,-0.5469078486268772,
-0.9697465530178544,0.5511583064426893,-0.9532002424098043,1.0,-0.5618372908745753,-0.6206695285681733,-0.5469078486268772,
-0.9690421511365075,0.5644798964267117,-0.9690421511365075,1.0,-0.5618372908745753,-0.6206695285681733,-0.5469078486268772,
-0.9697465530178544,0.5511583064426893,-0.9532002424098043,1.0,-0.9251778731278064,-0.2891191724191922,-0.24587803320823512,
-0.9862925318303881,0.6041052395654873,-0.9532002424098043,1.0,-0.9251778731278064,-0.2891191724191922,-0.24587803320823512,
-0.9848837280676942,0.6110865490263544,-0.9667102922471499,1.0,-0.9251778731278064,-0.2891191724191922,-0.24587803320823512,
-0.9215167567519144,0.6110865490263544,-0.9667102922471499,1.0,0.6927057220961279,-0.20079234335640847,-0.6927057220961322,
-0.9373583336831011,0.5644798964267117,-0.9690421511365075,1.0,0.6927057220961279,-0.20079234335640847,-0.6927057220961322,
-0.9396901925724588,0.6110865490263544,-0.9848837280676942,1.0,0.6927057220961279,-0.20079234335640847,-0.6927057220961322,
-0.9373583336831011,0.5644798964267117,-0.9690421511365075,1.0,0.2814115551766358,-0.28622183693948716,-0.9159064344528064,
-0.9532002424098043,0.5511583064426893,-0.9697465530178544,1.0,0.2814115551766358,-0.28622183693948716,-0.9159064344528064,
-0.9532002424098043,0.6041052395654873,-0.9862925318303881,1.0,0.2814115551766358,-0.28622183693948716,-0.9159064344528064,
-0.9532002424098043,0.5511583064426893,-0.9697465530178544,1.0,-0.2886813706495924,-0.2951370278753067,-0.9108003079801867,
-0.9690421511365075,0.5644798964267117,-0.9690421511365075,1.0,-0.2886813706495924,-0.2951370278753067,-0.9108003079801867,
-0.9667102922471499,0.6110865490263544,-0.9848837280676942,1.0,-0.2886813706495924,-0.2951370278753067,-0.9108003079801867,
-0.9690421511365075,0.5644798964267117,-0.9690421511365075,1.0,-0.7418680858199507,-0.22047669808737982,-0.6332627960352073,
-0.9848837280676942,0.6110865490263544,-0.9667102922471499,1.0,-0.7418680858199507,-0.22047669808737982,-0.6332627960352073,
-0.980220010288979,0.6341971021311394,-0.980220010288979,1.0,-0.7418680858199507,-0.22047669808737982,-0.6332627960352073,
-0.9261804745306296,0.9019832911095889,-0.980220010288979,1.0,0.6332640756491912,0.2204777283211295,-0.7418666873546282,
-0.9396901925724588,0.9250938442143739,-0.9848837280676942,1.0,0.6332640756491912,0.2204777283211295,-0.7418666873546282,
-0.9373583336831011,0.9717001650185,-0.9690421511365075,1.0,0.6332640756491912,0.2204777283211295,-0.7418666873546282,
-0.9396901925724588,0.9250938442143739,-0.9848837280676942,1.0,0.24587136193525708,0.2891196771757178,-0.9251794883426191,
-0.9532002424098043,0.9320748218797243,-0.9862925318303881,1.0,0.24587136193525708,0.2891196771757178,-0.9251794883426191,
-0.9532002424098043,0.9850217550025226,-0.9697465530178544,1.0,0.24587136193525708,0.2891196771757178,-0.9251794883426191,
-0.9532002424098043,0.9320748218797243,-0.9862925318303881,1.0,-0.2510928130160566,0.30022399269892264,-0.9202271205846961,
-0.9667102922471499,0.9250938442143739,-0.9848837280676942,1.0,-0.2510928130160566,0.30022399269892264,-0.9202271205846961,
-0.9690421511365075,0.9717001650185,-0.9690421511365075,1.0,-0.2510928130160566,0.30022399269892264,-0.9202271205846961,
-0.9667102922471499,0.9250938442143739,-0.9848837280676942,1.0,-0.6825482208583379,0.2612582102178522,-0.6825482208583379,
-0.980220010288979,0.9019832911095889,-0.980220010288979,1.0,-0.6825482208583379,0.2612582102178522,-0.6825482208583379,
-0.9848837280676942,0.9250938442143739,-0.9667102922471499,1.0,-0.6825482208583379,0.2612582102178522,-0.6825482208583379,
-0.9215167567519144,0.9250938442143739,-0.9667102922471499,1.0,0.9107993201786104,0.2951387240659075,-0.2886827530680164,
-0.9373583336831011,0.9717001650185,-0.9690421511365075,1.0,0.9107993201786104,0.2951387240659075,-0.2886827530680164,
-0.9366539318017542,0.9850217550025226,-0.9532002424098043,1.0,0.9107993201786104,0.2951387240659075,-0.2886827530680164,
-0.9373583336831011,0.9717001650185,-0.9690421511365075,1.0,0.5469044121785481,0.6206650006067573,-0.5618456380194214,
-0.9532002424098043,0.9850217550025226,-0.9697465530178544,1.0,0.5469044121785481,0.6206650006067573,-0.5618456380194214,
-0.9532002424098043,1.0,-0.9532002424098043,1.0,0.5469044121785481,0.6206650006067573,-0.5618456380194214,
-0.9532002424098043,0.9850217550025226,-0.9697465530178544,1.0,-0.5512165671911685,0.6263550048558469,-0.5512165671911685,
-0.9690421511365075,0.9717001650185,-0.9690421511365075,1.0,-0.5512165671911685,0.6263550048558469,-0.5512165671911685,
-0.9697465530178544,0.9850217550025226,-0.9532002424098043,1.0,-0.5512165671911685,0.6263550048558469,-0.5512165671911685,
-0.9690421511365075,0.9717001650185,-0.9690421511365075,1.0,-0.9202271205846961,0.30022399269892264,-0.2510928130160566,
-0.9848837280676942,0.9250938442143739,-0.9667102922471499,1.0,-0.9202271205846961,0.30022399269892264,-0.2510928130160566,
-0.9862925318303881,0.9320748218797243,-0.9532002424098043,1.0,-0.9202271205846961,0.30022399269892264,-0.2510928130160566,
-0.9201079529892204,0.9320748218797243,-0.9532002424098043,1.0,0.9159064344528058,0.2862218369394858,0.2814115551766387,
-0.9366539318017542,0.9850217550025226,-0.9532002424098043,1.0,0.9159064344528058,0.2862218369394858,0.2814115551766387,
-0.9373583336831011,0.9717001650185,-0.9373583336831011,1.0,0.9159064344528058,0.2862218369394858,0.2814115551766387,
-0.9366539318017542,0.9850217550025226,-0.9532002424098043,1.0,0.5572488812481657,0.615587011473874,0.5572488812481657,
-0.9532002424098043,1.0,-0.9532002424098043,1.0,0.5572488812481657,0.615587011473874,0.5572488812481657,
-0.9532002424098043,0.9850217550025226,-0.9366539318017542,1.0,0.5572488812481657,0.615587011473874,0.5572488812481657,
-0.9532002424098043,1.0,-0.9532002424098043,1.0,-0.5618456380194214,0.6206650006067573,0.5469044121785481,
-0.9697465530178544,0.9850217550025226,-0.9532002424098043,1.0,-0.5618456380194214,0.6206650006067573,0.5469044121785481,
-0.9690421511365075,0.9717001650185,-0.9373583336831011,1.0,-0.5618456380194214,0.6206650006067573,0.5469044121785481,
-0.9697465530178544,0.9850217550025226,-0.9532002424098043,1.0,-0.9251794883426191,0.2891196771757178,0.24587136193525708,
-0.9862925318303881,0.9320748218797243,-0.9532002424098043,1.0,-0.9251794883426191,0.2891196771757178,0.24587136193525708,
-0.9848837280676942,0.9250938442143739,-0.9396901925724588,1.0,-0.9251794883426191,0.2891196771757178,0.24587136193525708,
-0.9215167567519144,0.9250938442143739,-0.9396901925724588,1.0,0.6927055232715273,0.20079371518610525,0.6927055232715273,
-0.9373583336831011,0.9717001650185,-0.9373583336831011,1.0,0.6927055232715273,0.20079371518610525,0.6927055232715273,
-0.9396901925724588,0.9250938442143739,-0.9215167567519144,1.0,0.6927055232715273,0.20079371518610525,0.6927055232715273,
-0.9373583336831011,0.9717001650185,-0.9373583336831011,1.0,0.2814115551766387,0.2862218369394858,0.9159064344528058,
-0.9532002424098043,0.9850217550025226,-0.9366539318017542,1.0,0.2814115551766387,0.2862218369394858,0.9159064344528058,
-0.9532002424098043,0.9320748218797243,-0.9201079529892204,1.0,0.2814115551766387,0.2862218369394858,0.9159064344528058,
-0.9532002424098043,0.9850217550025226,-0.9366539318017542,1.0,-0.2886827530680164,0.2951387240659075,0.9107993201786104,
-0.9690421511365075,0.9717001650185,-0.9373583336831011,1.0,-0.2886827530680164,0.2951387240659075,0.9107993201786104,
-0.9667102922471499,0.9250938442143739,-0.9215167567519144,1.0,-0.2886827530680164,0.2951387240659075,0.9107993201786104,
-0.9690421511365075,0.9717001650185,-0.9373583336831011,1.0,-0.7418666873546282,0.2204777283211295,0.6332640756491912,
-0.9848837280676942,0.9250938442143739,-0.9396901925724588,1.0,-0.7418666873546282,0.2204777283211295,0.6332640756491912,
-0.980220010288979,0.9019832911095889,-0.9261804745306296,1.0,-0.7418666873546282,0.2204777283211295,0.6332640756491912