0.5773500444209809,-0.3148735842687008,-0.3148735842687008,1.0,0.3051150786590759,-0.4775537420142244,-0.8239218483952695,
0.3385015104224327,-0.18461130687126315,-0.4788254536312039,1.0,0.3051150786590759,-0.4775537420142244,-0.8239218483952695,
0.6770030208448656,-0.15743679213435047,-0.3692220683652261,1.0,0.3051150786590759,-0.4775537420142244,-0.8239218483952695,
0.2886752948991407,-0.3692220683652261,-0.3692220683652261,1.0,0.09100067845440835,-0.5264343248072046,-0.8453317562860276,
0.0,-0.19281978061652727,-0.5101535618864164,1.0,0.09100067845440835,-0.5264343248072046,-0.8453317562860276,
0.3385015104224327,-0.18461130687126315,-0.4788254536312039,1.0,0.09100067845440835,-0.5264343248072046,-0.8453317562860276,
-0.2886752948991407,-0.3692220683652261,-0.3692220683652261,1.0,-0.07838863752886827,-0.5408059356056876,-0.8374868127439528,
0.0,-0.19281978061652727,-0.5101535618864164,1.0,-0.07838863752886827,-0.5408059356056876,-0.8374868127439528,
0.0,-0.38564010661035475,-0.38564010661035475,1.0,-0.07838863752886827,-0.5408059356056876,-0.8374868127439528,
-0.577350044420981,-0.3148735842687008,-0.3148735842687008,1.0,-0.253007848788913,-0.5434765169924749,-0.8003875960613923,
-0.3385015104224328,-0.18461130687126315,-0.4788254536312039,1.0,-0.253007848788913,-0.5434765169924749,-0.8003875960613923,
-0.2886752948991407,-0.3692220683652261,-0.3692220683652261,1.0,-0.253007848788913,-0.5434765169924749,-0.8003875960613923,
0.6770030208448656,-0.15743679213435047,-0.3692220683652261,1.0,0.32791070653050003,-0.15979810862648908,-0.931095662658819,
0.35355337853056823,0.0,-0.5101535618864164,1.0,0.32791070653050003,-0.15979810862648908,-0.931095662658819,
0.707106757061136,0.0,-0.38564010661035475,1.0,0.32791070653050003,-0.15979810862648908,-0.931095662658819,
0.3385015104224327,-0.18461130687126315,-0.4788254536312039,1.0,0.09762055131749213,-0.17423799355166442,-0.9798527183018674,
0.0,0.0,-0.5453773001969358,1.0,0.09762055131749213,-0.17423799355166442,-0.9798527183018674,
0.35355337853056823,0.0,-0.5101535618864164,1.0,0.09762055131749213,-0.17423799355166442,-0.9798527183018674,
-0.3385015104224328,-0.18461130687126315,-0.4788254536312039,1.0,-0.09496927876375404,-0.17889095353052573,-0.9792746615919516,
0.0,0.0,-0.5453773001969358,1.0,-0.09496927876375404,-0.17889095353052573,-0.9792746615919516,
0.0,-0.19281978061652727,-0.5101535618864164,1.0,-0.09496927876375404,-0.17889095353052573,-0.9792746615919516,
-0.6770030208448657,-0.15743679213435047,-0.3692220683652261,1.0,-0.3161197785005351,-0.18372194949928553,-0.9307601897980783,
-0.3535533785305681,0.0,-0.5101535618864164,1.0,-0.3161197785005351,-0.18372194949928553,-0.9307601897980783,
-0.3385015104224328,-0.18461130687126315,-0.4788254536312039,1.0,-0.3161197785005351,-0.18372194949928553,-0.9307601897980783,
0.35355337853056823,0.0,-0.5101535618864164,1.0,0.3279107065305,0.15979810862648913,-0.931095662658819,
0.6770030208448656,0.15743679213435047,-0.3692220683652261,1.0,0.3279107065305,0.15979810862648913,-0.931095662658819,
0.707106757061136,0.0,-0.38564010661035475,1.0,0.3279107065305,0.15979810862648913,-0.931095662658819,
0.0,0.0,-0.5453773001969358,1.0,0.09762055131749213,0.17423799355166444,-0.9798527183018674,
0.3385015104224327,0.18461130687126315,-0.4788254536312039,1.0,0.09762055131749213,0.17423799355166444,-0.9798527183018674,
0.35355337853056823,0.0,-0.5101535618864164,1.0,0.09762055131749213,0.17423799355166444,-0.9798527183018674,
0.0,0.0,-0.5453773001969358,1.0,-0.09496927876375404,0.1788909535305257,-0.9792746615919516,
-0.3385015104224328,0.18461130687126315,-0.4788254536312039,1.0,-0.09496927876375404,0.1788909535305257,-0.9792746615919516,
0.0,0.19281978061652727,-0.5101535618864164,1.0,-0.09496927876375404,0.1788909535305257,-0.9792746615919516,
-0.3535533785305681,0.0,-0.5101535618864164,1.0,-0.3161197785005351,0.1837219494992855,-0.9307601897980782,
-0.6770030208448657,0.15743679213435047,-0.3692220683652261,1.0,-0.3161197785005351,0.1837219494992855,-0.9307601897980782,
-0.3385015104224328,0.18461130687126315,-0.4788254536312039,1.0,-0.3161197785005351,0.1837219494992855,-0.9307601897980782,
0.3385015104224327,0.18461130687126315,-0.4788254536312039,1.0,0.3051150786590759,0.47755374201422407,-0.8239218483952697,
0.5773500444209809,0.31487358426870093,-0.3148735842687008,1.0,0.3051150786590759,0.47755374201422407,-0.8239218483952697,
0.6770030208448656,0.15743679213435047,-0.3692220683652261,1.0,0.3051150786590759,0.47755374201422407,-0.8239218483952697,
0.0,0.19281978061652727,-0.5101535618864164,1.0,0.09100067845440832,0.5264343248072046,-0.8453317562860275,
0.2886752948991407,0.3692220683652261,-0.3692220683652261,1.0,0.09100067845440832,0.5264343248072046,-0.8453317562860275,
0.3385015104224327,0.18461130687126315,-0.4788254536312039,1.0,0.09100067845440832,0.5264343248072046,-0.8453317562860275,
0.0,0.19281978061652727,-0.5101535618864164,1.0,-0.07838863752886827,0.5408059356056877,-0.8374868127439526,
-0.2886752948991407,0.3692220683652261,-0.3692220683652261,1.0,-0.07838863752886827,0.5408059356056877,-0.8374868127439526,
0.0,0.38564010661035475,-0.38564010661035475,1.0,-0.07838863752886827,0.5408059356056877,-0.8374868127439526,
-0.3385015104224328,0.18461130687126315,-0.4788254536312039,1.0,-0.2530078487889128,0.5434765169924749,-0.8003875960613924,
-0.577350044420981,0.31487358426870093,-0.3148735842687008,1.0,-0.2530078487889128,0.5434765169924749,-0.8003875960613924,
-0.2886752948991407,0.3692220683652261,-0.3692220683652261,1.0,-0.2530078487889128,0.5434765169924749,-0.8003875960613924,
-0.6770030208448657,-0.3692220683652261,-0.15743679213435047,1.0,-0.5903919836207797,-0.5707176647328874,-0.5707176647328874,
-0.6770030208448657,-0.15743679213435047,-0.3692220683652261,1.0,-0.5903919836207797,-0.5707176647328874,-0.5707176647328874,
-0.577350044420981,-0.3148735842687008,-0.3148735842687008,1.0,-0.5903919836207797,-0.5707176647328874,-0.5707176647328874,
-0.7071067570611362,-0.38564010661035475,0.0,1.0,-0.6479174854071197,-0.734842958978444,-0.20052121519559862,
-0.8779712837036354,-0.18461130687126315,-0.18461130687126315,1.0,-0.6479174854071197,-0.734842958978444,-0.20052121519559862,
-0.6770030208448657,-0.3692220683652261,-0.15743679213435047,1.0,-0.6479174854071197,-0.734842958978444,-0.20052121519559862,
-0.7071067570611362,-0.38564010661035475,0.0,1.0,-0.6281598524203645,-0.7437680294941373,0.22852640571635055,
-0.8779712837036354,-0.18461130687126315,0.18461130687126315,1.0,-0.6281598524203645,-0.7437680294941373,0.22852640571635055,
-0.9354142386014781,-0.19281978061652727,0.0,1.0,-0.6281598524203645,-0.7437680294941373,0.22852640571635055,
-0.6770030208448657,-0.3692220683652261,0.15743679213435047,1.0,-0.48456224304934564,-0.6185464544442021,0.6185464544442021,
-0.6770030208448657,-0.15743679213435047,0.3692220683652261,1.0,-0.48456224304934564,-0.6185464544442021,0.6185464544442021,
-0.8779712837036354,-0.18461130687126315,0.18461130687126315,1.0,-0.48456224304934564,-0.6185464544442021,0.6185464544442021,
-0.8779712837036354,-0.18461130687126315,-0.18461130687126315,1.0,-0.6479174854071197,-0.20052121519559865,-0.7348429589784441,
-0.7071067570611362,0.0,-0.38564010661035475,1.0,-0.6479174854071197,-0.20052121519559865,-0.7348429589784441,
-0.6770030208448657,-0.15743679213435047,-0.3692220683652261,1.0,-0.6479174854071197,-0.20052121519559865,-0.7348429589784441,
-0.9354142386014781,-0.19281978061652727,0.0,1.0,-0.9083118808609795,-0.2957782337214739,-0.2957782337214739,
-0.9354142386014781,0.0,-0.19281978061652727,1.0,-0.9083118808609795,-0.2957782337214739,-0.2957782337214739,
-0.8779712837036354,-0.18461130687126315,-0.18461130687126315,1.0,-0.9083118808609795,-0.2957782337214739,-0.2957782337214739,
-0.9354142386014781,-0.19281978061652727,0.0,1.0,-0.9037335338696847,-0.30270918367255684,0.30270918367255684,
-0.9354142386014781,0.0,0.19281978061652727,1.0,-0.9037335338696847,-0.30270918367255684,0.30270918367255684,
-1.0,0.0,0.0,1.0,-0.9037335338696847,-0.30270918367255684,0.30270918367255684,
-0.8779712837036354,-0.18461130687126315,0.18461130687126315,1.0,-0.6281598524203645,-0.2285264057163506,0.7437680294941373,
-0.7071067570611362,0.0,0.38564010661035475,1.0,-0.6281598524203645,-0.2285264057163506,0.7437680294941373,
-0.9354142386014781,0.0,0.19281978061652727,1.0,-0.6281598524203645,-0.2285264057163506,0.7437680294941373,
-0.7071067570611362,0.0,-0.38564010661035475,1.0,-0.6479174854071197,0.20052121519559862,-0.734842958978444,
-0.8779712837036354,0.18461130687126315,-0.18461130687126315,1.0,-0.6479174854071197,0.20052121519559862,-0.734842958978444,
-0.6770030208448657,0.15743679213435047,-0.3692220683652261,1.0,-0.6479174854071197,0.20052121519559862,-0.734842958978444,
-0.9354142386014781,0.0,-0.19281978061652727,1.0,-0.9083118808609795,0.2957782337214739,-0.2957782337214739,
-0.9354142386014781,0.19281978061652727,0.0,1.0,-0.9083118808609795,0.2957782337214739,-0.2957782337214739,
-0.8779712837036354,0.18461130687126315,-0.18461130687126315,1.0,-0.9083118808609795,0.2957782337214739,-0.2957782337214739,
-0.9354142386014781,0.0,0.19281978061652727,1.0,-0.9037335338696847,0.30270918367255684,0.30270918367255684,
-0.9354142386014781,0.19281978061652727,0.0,1.0,-0.9037335338696847,0.30270918367255684,0.30270918367255684,
-1.0,0.0,0.0,1.0,-0.9037335338696847,0.30270918367255684,0.30270918367255684,
-0.7071067570611362,0.0,0.38564010661035475,1.0,-0.6281598524203645,0.22852640571635055,0.7437680294941373,
-0.8779712837036354,0.18461130687126315,0.18461130687126315,1.0,-0.6281598524203645,0.22852640571635055,0.7437680294941373,
-0.9354142386014781,0.0,0.19281978061652727,1.0,-0.6281598524203645,0.22852640571635055,0.7437680294941373,
-0.6770030208448657,0.15743679213435047,-0.3692220683652261,1.0,-0.5903919836207802,0.5707176647328872,-0.5707176647328872,
-0.6770030208448657,0.3692220683652261,-0.15743679213435047,1.0,-0.5903919836207802,0.5707176647328872,-0.5707176647328872,
-0.577350044420981,0.31487358426870093,-0.3148735842687008,1.0,-0.5903919836207802,0.5707176647328872,-0.5707176647328872,
-0.8779712837036354,0.18461130687126315,-0.18461130687126315,1.0,-0.6479174854071197,0.7348429589784441,-0.20052121519559865,
-0.7071067570611362,0.38564010661035475,0.0,1.0,-0.6479174854071197,0.7348429589784441,-0.20052121519559865,
-0.6770030208448657,0.3692220683652261,-0.15743679213435047,1.0,-0.6479174854071197,0.7348429589784441,-0.20052121519559865,
-0.8779712837036354,0.18461130687126315,0.18461130687126315,1.0,-0.6281598524203645,0.7437680294941373,0.2285264057163506,
-0.7071067570611362,0.38564010661035475,0.0,1.0,-0.6281598524203645,0.7437680294941373,0.2285264057163506,
-0.9354142386014781,0.19281978061652727,0.0,1.0,-0.6281598524203645,0.7437680294941373,0.2285264057163506,
-0.6770030208448657,0.15743679213435047,0.3692220683652261,1.0,-0.48456224304934564,0.6185464544442021,0.6185464544442021,
-0.6770030208448657,0.3692220683652261,0.15743679213435047,1.0,-0.48456224304934564,0.6185464544442021,0.6185464544442021,
-0.8779712837036354,0.18461130687126315,0.18461130687126315,1.0,-0.48456224304934564,0.6185464544442021,0.6185464544442021,
-0.577350044420981,-0.3148735842687008,0.31487358426870093,1.0,-0.30511507865907617,-0.477553742014224,0.8239218483952697,
-0.3385015104224328,-0.18461130687126315,0.478825453631204,1.0,-0.30511507865907617,-0.477553742014224,0.8239218483952697,
-0.6770030208448657,-0.15743679213435047,0.3692220683652261,1.0,-0.30511507865907617,-0.477553742014224,0.8239218483952697,
-0.2886752948991407,-0.3692220683652261,0.3692220683652261,1.0,-0.09100067845440858,-0.5264343248072052,0.8453317562860273,
0.0,-0.19281978061652727,0.5101535618864166,1.0,-0.09100067845440858,-0.5264343248072052,0.8453317562860273,
-0.3385015104224328,-0.18461130687126315,0.478825453631204,1.0,-0.09100067845440858,-0.5264343248072052,0.8453317562860273,
0.2886752948991407,-0.3692220683652261,0.3692220683652261,1.0,0.07838863752886827,-0.5408059356056882,0.8374868127439523,
0.0,-0.19281978061652727,0.5101535618864166,1.0,0.07838863752886827,-0.5408059356056882,0.8374868127439523,
0.0,-0.38564010661035475,0.38564010661035475,1.0,0.07838863752886827,-0.5408059356056882,0.8374868127439523,
0.5773500444209809,-0.3148735842687008,0.31487358426870093,1.0,0.25300784878891286,-0.5434765169924751,0.8003875960613922,
0.3385015104224327,-0.18461130687126315,0.478825453631204,1.0,0.25300784878891286,-0.5434765169924751,0.8003875960613922,
0.2886752948991407,-0.3692220683652261,0.3692220683652261,1.0,0.25300784878891286,-0.5434765169924751,0.8003875960613922,
-0.6770030208448657,-0.15743679213435047,0.3692220683652261,1.0,-0.32791070653050025,-0.15979810862648935,0.9310956626588187,
-0.3535533785305681,0.0,0.5101535618864166,1.0,-0.32791070653050025,-0.15979810862648935,0.9310956626588187,
-0.7071067570611362,0.0,0.38564010661035475,1.0,-0.32791070653050025,-0.15979810862648935,0.9310956626588187,
-0.3385015104224328,-0.18461130687126315,0.478825453631204,1.0,-0.09762055131749155,-0.17423799355166483,0.9798527183018676,
0.0,0.0,0.5453773001969358,1.0,-0.09762055131749155,-0.17423799355166483,0.9798527183018676,
-0.3535533785305681,0.0,0.5101535618864166,1.0,-0.09762055131749155,-0.17423799355166483,0.9798527183018676,
0.3385015104224327,-0.18461130687126315,0.478825453631204,1.0,0.0949692787637544,-0.17889095353052462,0.9792746615919519,
0.0,0.0,0.5453773001969358,1.0,0.0949692787637544,-0.17889095353052462,0.9792746615919519,
0.0,-0.19281978061652727,0.5101535618864166,1.0,0.0949692787637544,-0.17889095353052462,0.9792746615919519,
0.6770030208448656,-0.15743679213435047,0.3692220683652261,1.0,0.31611977850053535,-0.18372194949928644,0.9307601897980781,
0.35355337853056823,0.0,0.5101535618864166,1.0,0.31611977850053535,-0.18372194949928644,0.9307601897980781,
0.3385015104224327,-0.18461130687126315,0.478825453631204,1.0,0.31611977850053535,-0.18372194949928644,0.9307601897980781,
-0.3535533785305681,0.0,0.5101535618864166,1.0,-0.3279107065305002,0.1597981086264894,0.9310956626588187,
-0.6770030208448657,0.15743679213435047,0.3692220683652261,1.0,-0.3279107065305002,0.1597981086264894,0.9310956626588187,
-0.7071067570611362,0.0,0.38564010661035475,1.0,-0.3279107065305002,0.1597981086264894,0.9310956626588187,
0.0,0.0,0.5453773001969358,1.0,-0.09762055131749155,0.17423799355166486,0.9798527183018676,
-0.3385015104224328,0.18461130687126315,0.478825453631204,1.0,-0.09762055131749155,0.17423799355166486,0.9798527183018676,
-0.3535533785305681,0.0,0.5101535618864166,1.0,-0.09762055131749155,0.17423799355166486,0.9798527183018676,
0.0,0.0,0.5453773001969358,1.0,0.0949692787637544,0.17889095353052464,0.9792746615919519,
0.3385015104224327,0.18461130687126315,0.478825453631204,1.0,0.0949692787637544,0.17889095353052464,0.9792746615919519,
0.0,0.19281978061652727,0.5101535618864166,1.0,0.0949692787637544,0.17889095353052464,0.9792746615919519,
0.35355337853056823,0.0,0.5101535618864166,1.0,0.31611977850053535,0.1837219494992865,0.9307601897980781,
0.6770030208448656,0.15743679213435047,0.3692220683652261,1.0,0.31611977850053535,0.1837219494992865,0.9307601897980781,
0.3385015104224327,0.18461130687126315,0.478825453631204,1.0,0.31611977850053535,0.1837219494992865,0.9307601897980781,
-0.3385015104224328,0.18461130687126315,0.478825453631204,1.0,-0.30511507865907617,0.47755374201422374,0.8239218483952698,
-0.577350044420981,0.31487358426870093,0.31487358426870093,1.0,-0.30511507865907617,0.47755374201422374,0.8239218483952698,
-0.6770030208448657,0.15743679213435047,0.3692220683652261,1.0,-0.30511507865907617,0.47755374201422374,0.8239218483952698,
0.0,0.19281978061652727,0.5101535618864166,1.0,-0.09100067845440855,0.5264343248072051,0.8453317562860273,
-0.2886752948991407,0.3692220683652261,0.3692220683652261,1.0,-0.09100067845440855,0.5264343248072051,0.8453317562860273,
-0.3385015104224328,0.18461130687126315,0.478825453631204,1.0,-0.09100067845440855,0.5264343248072051,0.8453317562860273,
0.0,0.19281978061652727,0.5101535618864166,1.0,0.07838863752886828,0.5408059356056883,0.8374868127439523,
0.2886752948991407,0.3692220683652261,0.3692220683652261,1.0,0.07838863752886828,0.5408059356056883,0.8374868127439523,
0.0,0.38564010661035475,0.38564010661035475,1.0,0.07838863752886828,0.5408059356056883,0.8374868127439523,
0.3385015104224327,0.18461130687126315,0.478825453631204,1.0,0.25300784878891264,0.5434765169924751,0.8003875960613923,
0.5773500444209809,0.31487358426870093,0.31487358426870093,1.0,0.25300784878891264,0.5434765169924751,0.8003875960613923,
0.2886752948991407,0.3692220683652261,0.3692220683652261,1.0,0.25300784878891264,0.5434765169924751,0.8003875960613923,
0.6770030208448656,-0.3692220683652261,0.15743679213435047,1.0,0.5903919836207802,-0.5707176647328872,0.5707176647328872,
0.6770030208448656,-0.15743679213435047,0.3692220683652261,1.0,0.5903919836207802,-0.5707176647328872,0.5707176647328872,
0.5773500444209809,-0.3148735842687008,0.31487358426870093,1.0,0.5903919836207802,-0.5707176647328872,0.5707176647328872,
0.707106757061136,-0.38564010661035475,0.0,1.0,0.6479174854071198,-0.7348429589784441,0.20052121519559818,
0.8779712837036353,-0.18461130687126315,0.18461130687126315,1.0,0.6479174854071198,-0.7348429589784441,0.20052121519559818,
0.6770030208448656,-0.3692220683652261,0.15743679213435047,1.0,0.6479174854071198,-0.7348429589784441,0.20052121519559818,
0.707106757061136,-0.38564010661035475,0.0,1.0,0.6281598524203642,-0.7437680294941376,-0.22852640571635083,
0.8779712837036353,-0.18461130687126315,-0.18461130687126315,1.0,0.6281598524203642,-0.7437680294941376,-0.22852640571635083,
0.9354142386014781,-0.19281978061652727,0.0,1.0,0.6281598524203642,-0.7437680294941376,-0.22852640571635083,
0.6770030208448656,-0.3692220683652261,-0.15743679213435047,1.0,0.48456224304934564,-0.6185464544442021,-0.6185464544442021,
0.6770030208448656,-0.15743679213435047,-0.3692220683652261,1.0,0.48456224304934564,-0.6185464544442021,-0.6185464544442021,
0.8779712837036353,-0.18461130687126315,-0.18461130687126315,1.0,0.48456224304934564,-0.6185464544442021,-0.6185464544442021,
0.8779712837036353,-0.18461130687126315,0.18461130687126315,1.0,0.6479174854071198,-0.20052121519559823,0.734842958978444,
0.707106757061136,0.0,0.38564010661035475,1.0,0.6479174854071198,-0.20052121519559823,0.734842958978444,
0.6770030208448656,-0.15743679213435047,0.3692220683652261,1.0,0.6479174854071198,-0.20052121519559823,0.734842958978444,
0.9354142386014781,-0.19281978061652727,0.0,1.0,0.9083118808609792,-0.2957782337214744,0.2957782337214744,
0.9354142386014781,0.0,0.19281978061652727,1.0,0.9083118808609792,-0.2957782337214744,0.2957782337214744,
0.8779712837036353,-0.18461130687126315,0.18461130687126315,1.0,0.9083118808609792,-0.2957782337214744,0.2957782337214744,
0.9354142386014781,-0.19281978061652727,0.0,1.0,0.9037335338696847,-0.30270918367255684,-0.30270918367255684,
0.9354142386014781,0.0,-0.19281978061652727,1.0,0.9037335338696847,-0.30270918367255684,-0.30270918367255684,
1.0,0.0,0.0,1.0,0.9037335338696847,-0.30270918367255684,-0.30270918367255684,
0.8779712837036353,-0.18461130687126315,-0.18461130687126315,1.0,0.6281598524203642,-0.22852640571635083,-0.7437680294941376,
0.707106757061136,0.0,-0.38564010661035475,1.0,0.6281598524203642,-0.22852640571635083,-0.7437680294941376,
0.9354142386014781,0.0,-0.19281978061652727,1.0,0.6281598524203642,-0.22852640571635083,-0.7437680294941376,
0.707106757061136,0.0,0.38564010661035475,1.0,0.6479174854071198,0.20052121519559818,0.7348429589784441,
0.8779712837036353,0.18461130687126315,0.18461130687126315,1.0,0.6479174854071198,0.20052121519559818,0.7348429589784441,
0.6770030208448656,0.15743679213435047,0.3692220683652261,1.0,0.6479174854071198,0.20052121519559818,0.7348429589784441,
0.9354142386014781,0.0,0.19281978061652727,1.0,0.9083118808609792,0.2957782337214744,0.2957782337214744,
0.9354142386014781,0.19281978061652727,0.0,1.0,0.9083118808609792,0.2957782337214744,0.2957782337214744,
0.8779712837036353,0.18461130687126315,0.18461130687126315,1.0,0.9083118808609792,0.2957782337214744,0.2957782337214744,
0.9354142386014781,0.0,-0.19281978061652727,1.0,0.9037335338696847,0.30270918367255684,-0.30270918367255684,
0.9354142386014781,0.19281978061652727,0.0,1.0,0.9037335338696847,0.30270918367255684,-0.30270918367255684,
1.0,0.0,0.0,1.0,0.9037335338696847,0.30270918367255684,-0.30270918367255684,
0.707106757061136,0.0,-0.38564010661035475,1.0,0.6281598524203642,0.22852640571635083,-0.7437680294941376,
0.8779712837036353,0.18461130687126315,-0.18461130687126315,1.0,0.6281598524203642,0.22852640571635083,-0.7437680294941376,
0.9354142386014781,0.0,-0.19281978061652727,1.0,0.6281598524203642,0.22852640571635083,-0.7437680294941376,
0.6770030208448656,0.15743679213435047,0.3692220683652261,1.0,0.5903919836207805,0.570717664732887,0.570717664732887,
0.6770030208448656,0.3692220683652261,0.15743679213435047,1.0,0.5903919836207805,0.570717664732887,0.570717664732887,
0.5773500444209809,0.31487358426870093,0.31487358426870093,1.0,0.5903919836207805,0.570717664732887,0.570717664732887,
0.8779712837036353,0.18461130687126315,0.18461130687126315,1.0,0.6479174854071198,0.734842958978444,0.20052121519559823,
0.707106757061136,0.38564010661035475,0.0,1.0,0.6479174854071198,0.734842958978444,0.20052121519559823,
0.6770030208448656,0.3692220683652261,0.15743679213435047,1.0,0.6479174854071198,0.734842958978444,0.20052121519559823,
0.8779712837036353,0.18461130687126315,-0.18461130687126315,1.0,0.6281598524203642,0.7437680294941376,-0.22852640571635083,
0.707106757061136,0.38564010661035475,0.0,1.0,0.6281598524203642,0.7437680294941376,-0.22852640571635083,
0.9354142386014781,0.19281978061652727,0.0,1.0,0.6281598524203642,0.7437680294941376,-0.22852640571635083,
0.6770030208448656,0.15743679213435047,-0.3692220683652261,1.0,0.48456224304934564,0.6185464544442021,-0.6185464544442021,
0.6770030208448656,0.3692220683652261,-0.15743679213435047,1.0,0.48456224304934564,0.6185464544442021,-0.6185464544442021,
0.8779712837036353,0.18461130687126315,-0.18461130687126315,1.0,0.48456224304934564,0.6185464544442021,-0.6185464544442021,
0.5773500444209809,-0.3148735842687008,0.31487358426870093,1.0,0.3051150786590759,-0.8239218483952697,0.4775537420142242,
0.3385015104224327,-0.4788254536312039,0.18461130687126315,1.0,0.3051150786590759,-0.8239218483952697,0.4775537420142242,
0.6770030208448656,-0.3692220683652261,0.15743679213435047,1.0,0.3051150786590759,-0.8239218483952697,0.4775537420142242,
0.2886752948991407,-0.3692220683652261,0.3692220683652261,1.0,0.09100067845440835,-0.8453317562860276,0.5264343248072046,
0.0,-0.5101535618864164,0.19281978061652727,1.0,0.09100067845440835,-0.8453317562860276,0.5264343248072046,
0.3385015104224327,-0.4788254536312039,0.18461130687126315,1.0,0.09100067845440835,-0.8453317562860276,0.5264343248072046,
-0.2886752948991407,-0.3692220683652261,0.3692220683652261,1.0,-0.07838863752886827,-0.8374868127439528,0.5408059356056876,
0.0,-0.5101535618864164,0.19281978061652727,1.0,-0.07838863752886827,-0.8374868127439528,0.5408059356056876,
0.0,-0.38564010661035475,0.38564010661035475,1.0,-0.07838863752886827,-0.8374868127439528,0.5408059356056876,
-0.577350044420981,-0.3148735842687008,0.31487358426870093,1.0,-0.2530078487889128,-0.8003875960613924,0.5434765169924749,
-0.3385015104224328,-0.4788254536312039,0.18461130687126315,1.0,-0.2530078487889128,-0.8003875960613924,0.5434765169924749,
-0.2886752948991407,-0.3692220683652261,0.3692220683652261,1.0,-0.2530078487889128,-0.8003875960613924,0.5434765169924749,
0.6770030208448656,-0.3692220683652261,0.15743679213435047,1.0,0.3279107065305,-0.9310956626588189,0.15979810862648908,
0.35355337853056823,-0.5101535618864164,0.0,1.0,0.3279107065305,-0.9310956626588189,0.15979810862648908,
0.707106757061136,-0.38564010661035475,0.0,1.0,0.3279107065305,-0.9310956626588189,0.15979810862648908,
0.3385015104224327,-0.4788254536312039,0.18461130687126315,1.0,0.09762055131749214,-0.9798527183018676,0.17423799355166447,
0.0,-0.5453773001969358,0.0,1.0,0.09762055131749214,-0.9798527183018676,0.17423799355166447,
0.35355337853056823,-0.5101535618864164,0.0,1.0,0.09762055131749214,-0.9798527183018676,0.17423799355166447,
-0.3385015104224328,-0.4788254536312039,0.18461130687126315,1.0,-0.09496927876375404,-0.9792746615919516,0.17889095353052573,
0.0,-0.5453773001969358,0.0,1.0,-0.09496927876375404,-0.9792746615919516,0.17889095353052573,
0.0,-0.5101535618864164,0.19281978061652727,1.0,-0.09496927876375404,-0.9792746615919516,0.17889095353052573,
-0.6770030208448657,-0.3692220683652261,0.15743679213435047,1.0,-0.3161197785005351,-0.9307601897980783,0.18372194949928553,
-0.3535533785305681,-0.5101535618864164,0.0,1.0,-0.3161197785005351,-0.9307601897980783,0.18372194949928553,
-0.3385015104224328,-0.4788254536312039,0.18461130687126315,1.0,-0.3161197785005351,-0.9307601897980783,0.18372194949928553,
0.35355337853056823,-0.5101535618864164,0.0,1.0,0.3279107065305,-0.9310956626588189,-0.1597981086264891,
0.6770030208448656,-0.3692220683652261,-0.15743679213435047,1.0,0.3279107065305,-0.9310956626588189,-0.1597981086264891,
0.707106757061136,-0.38564010661035475,0.0,1.0,0.3279107065305,-0.9310956626588189,-0.1597981086264891,
0.0,-0.5453773001969358,0.0,1.0,0.09762055131749214,-0.9798527183018676,-0.1742379935516645,
0.3385015104224327,-0.4788254536312039,-0.18461130687126315,1.0,0.09762055131749214,-0.9798527183018676,-0.1742379935516645,
0.35355337853056823,-0.5101535618864164,0.0,1.0,0.09762055131749214,-0.9798527183018676,-0.1742379935516645,
0.0,-0.5453773001969358,0.0,1.0,-0.09496927876375404,-0.9792746615919516,-0.1788909535305257,
-0.3385015104224328,-0.4788254536312039,-0.18461130687126315,1.0,-0.09496927876375404,-0.9792746615919516,-0.1788909535305257,
0.0,-0.5101535618864164,-0.19281978061652727,1.0,-0.09496927876375404,-0.9792746615919516,-0.1788909535305257,
-0.3535533785305681,-0.5101535618864164,0.0,1.0,-0.3161197785005351,-0.9307601897980782,-0.1837219494992855,
-0.6770030208448657,-0.3692220683652261,-0.15743679213435047,1.0,-0.3161197785005351,-0.9307601897980782,-0.1837219494992855,
-0.3385015104224328,-0.4788254536312039,-0.18461130687126315,1.0,-0.3161197785005351,-0.9307601897980782,-0.1837219494992855,
0.3385015104224327,-0.4788254536312039,-0.18461130687126315,1.0,0.3051150786590759,-0.8239218483952695,-0.47755374201422435,
0.5773500444209809,-0.3148735842687008,-0.3148735842687008,1.0,0.3051150786590759,-0.8239218483952695,-0.47755374201422435,
0.6770030208448656,-0.3692220683652261,-0.15743679213435047,1.0,0.3051150786590759,-0.8239218483952695,-0.47755374201422435,
0.0,-0.5101535618864164,-0.19281978061652727,1.0,0.09100067845440832,-0.8453317562860275,-0.5264343248072046,
0.2886752948991407,-0.3692220683652261,-0.3692220683652261,1.0,0.09100067845440832,-0.8453317562860275,-0.5264343248072046,
0.3385015104224327,-0.4788254536312039,-0.18461130687126315,1.0,0.09100067845440832,-0.8453317562860275,-0.5264343248072046,
0.0,-0.5101535618864164,-0.19281978061652727,1.0,-0.07838863752886827,-0.8374868127439526,-0.5408059356056877,
-0.2886752948991407,-0.3692220683652261,-0.3692220683652261,1.0,-0.07838863752886827,-0.8374868127439526,-0.5408059356056877,
0.0,-0.38564010661035475,-0.38564010661035475,1.0,-0.07838863752886827,-0.8374868127439526,-0.5408059356056877,
-0.3385015104224328,-0.4788254536312039,-0.18461130687126315,1.0,-0.253007848788913,-0.8003875960613923,-0.5434765169924749,
-0.577350044420981,-0.3148735842687008,-0.3148735842687008,1.0,-0.253007848788913,-0.8003875960613923,-0.5434765169924749,
-0.2886752948991407,-0.3692220683652261,-0.3692220683652261,1.0,-0.253007848788913,-0.8003875960613923,-0.5434765169924749,
0.5773500444209809,0.31487358426870093,-0.3148735842687008,1.0,0.30511507865907617,0.8239218483952697,-0.477553742014224,
0.3385015104224327,0.478825453631204,-0.18461130687126315,1.0,0.30511507865907617,0.8239218483952697,-0.477553742014224,
0.6770030208448656,0.3692220683652261,-0.15743679213435047,1.0,0.30511507865907617,0.8239218483952697,-0.477553742014224,
0.2886752948991407,0.3692220683652261,-0.3692220683652261,1.0,0.09100067845440861,0.8453317562860273,-0.526434324807205,
0.0,0.5101535618864166,-0.19281978061652727,1.0,0.09100067845440861,0.8453317562860273,-0.526434324807205,
0.3385015104224327,0.478825453631204,-0.18461130687126315,1.0,0.09100067845440861,0.8453317562860273,-0.526434324807205,
-0.2886752948991407,0.3692220683652261,-0.3692220683652261,1.0,-0.07838863752886827,0.8374868127439523,-0.5408059356056882,
0.0,0.5101535618864166,-0.19281978061652727,1.0,-0.07838863752886827,0.8374868127439523,-0.5408059356056882,
0.0,0.38564010661035475,-0.38564010661035475,1.0,-0.07838863752886827,0.8374868127439523,-0.5408059356056882,
-0.577350044420981,0.31487358426870093,-0.3148735842687008,1.0,-0.2530078487889128,0.8003875960613923,-0.5434765169924753,
-0.3385015104224328,0.478825453631204,-0.18461130687126315,1.0,-0.2530078487889128,0.8003875960613923,-0.5434765169924753,
-0.2886752948991407,0.3692220683652261,-0.3692220683652261,1.0,-0.2530078487889128,0.8003875960613923,-0.5434765169924753,
0.6770030208448656,0.3692220683652261,-0.15743679213435047,1.0,0.32791070653050053,0.9310956626588187,-0.15979810862648927,
0.35355337853056823,0.5101535618864166,0.0,1.0,0.32791070653050053,0.9310956626588187,-0.15979810862648927,
0.707106757061136,0.38564010661035475,0.0,1.0,0.32791070653050053,0.9310956626588187,-0.15979810862648927,
0.3385015104224327,0.478825453631204,-0.18461130687126315,1.0,0.0976205513174915,0.9798527183018674,-0.174237993551665,
0.0,0.5453773001969358,0.0,1.0,0.0976205513174915,0.9798527183018674,-0.174237993551665,
0.35355337853056823,0.5101535618864166,0.0,1.0,0.0976205513174915,0.9798527183018674,-0.174237993551665,
-0.3385015104224328,0.478825453631204,-0.18461130687126315,1.0,-0.09496927876375437,0.9792746615919519,-0.17889095353052464,
0.0,0.5453773001969358,0.0,1.0,-0.09496927876375437,0.9792746615919519,-0.17889095353052464,
0.0,0.5101535618864166,-0.19281978061652727,1.0,-0.09496927876375437,0.9792746615919519,-0.17889095353052464,
-0.6770030208448657,0.3692220683652261,-0.15743679213435047,1.0,-0.3161197785005353,0.930760189798078,-0.18372194949928605,
-0.3535533785305681,0.5101535618864166,0.0,1.0,-0.3161197785005353,0.930760189798078,-0.18372194949928605,
-0.3385015104224328,0.478825453631204,-0.18461130687126315,1.0,-0.3161197785005353,0.930760189798078,-0.18372194949928605,
0.35355337853056823,0.5101535618864166,0.0,1.0,0.3279107065305005,0.9310956626588187,0.1597981086264892,
0.6770030208448656,0.3692220683652261,0.15743679213435047,1.0,0.3279107065305005,0.9310956626588187,0.1597981086264892,
0.707106757061136,0.38564010661035475,0.0,1.0,0.3279107065305005,0.9310956626588187,0.1597981086264892,
0.0,0.5453773001969358,0.0,1.0,0.0976205513174915,0.9798527183018674,0.17423799355166497,
0.3385015104224327,0.478825453631204,0.18461130687126315,1.0,0.0976205513174915,0.9798527183018674,0.17423799355166497,
0.35355337853056823,0.5101535618864166,0.0,1.0,0.0976205513174915,0.9798527183018674,0.17423799355166497,
0.0,0.5453773001969358,0.0,1.0,-0.09496927876375436,0.9792746615919519,0.17889095353052462,
-0.3385015104224328,0.478825453631204,0.18461130687126315,1.0,-0.09496927876375436,0.9792746615919519,0.17889095353052462,
0.0,0.5101535618864166,0.19281978061652727,1.0,-0.09496927876375436,0.9792746615919519,0.17889095353052462,
-0.3535533785305681,0.5101535618864166,0.0,1.0,-0.31611977850053535,0.9307601897980781,0.18372194949928608,
-0.6770030208448657,0.3692220683652261,0.15743679213435047,1.0,-0.31611977850053535,0.9307601897980781,0.18372194949928608,
-0.3385015104224328,0.478825453631204,0.18461130687126315,1.0,-0.31611977850053535,0.9307601897980781,0.18372194949928608,
0.3385015104224327,0.478825453631204,0.18461130687126315,1.0,0.30511507865907617,0.8239218483952698,0.47755374201422374,
0.5773500444209809,0.31487358426870093,0.31487358426870093,1.0,0.30511507865907617,0.8239218483952698,0.47755374201422374,
0.6770030208448656,0.3692220683652261,0.15743679213435047,1.0,0.30511507865907617,0.8239218483952698,0.47755374201422374,
0.0,0.5101535618864166,0.19281978061652727,1.0,0.09100067845440858,0.8453317562860273,0.526434324807205,
0.2886752948991407,0.3692220683652261,0.3692220683652261,1.0,0.09100067845440858,0.8453317562860273,0.526434324807205,
0.3385015104224327,0.478825453631204,0.18461130687126315,1.0,0.09100067845440858,0.8453317562860273,0.526434324807205,
0.0,0.5101535618864166,0.19281978061652727,1.0,-0.07838863752886828,0.8374868127439523,0.5408059356056883,
-0.2886752948991407,0.3692220683652261,0.3692220683652261,1.0,-0.07838863752886828,0.8374868127439523,0.5408059356056883,
0.0,0.38564010661035475,0.38564010661035475,1.0,-0.07838863752886828,0.8374868127439523,0.5408059356056883,
-0.3385015104224328,0.478825453631204,0.18461130687126315,1.0,-0.2530078487889125,0.8003875960613922,0.5434765169924752,
-0.577350044420981,0.31487358426870093,0.31487358426870093,1.0,-0.2530078487889125,0.8003875960613922,0.5434765169924752,
-0.2886752948991407,0.3692220683652261,0.3692220683652261,1.0,-0.2530078487889125,0.8003875960613922,0.5434765169924752,
0.5773500444209809,-0.3148735842687008,-0.3148735842687008,1.0,0.25300784878891314,-0.5434765169924749,-0.8003875960613924,
0.2886752948991407,-0.3692220683652261,-0.3692220683652261,1.0,0.25300784878891314,-0.5434765169924749,-0.8003875960613924,
0.3385015104224327,-0.18461130687126315,-0.4788254536312039,1.0,0.25300784878891314,-0.5434765169924749,-0.8003875960613924,
0.2886752948991407,-0.3692220683652261,-0.3692220683652261,1.0,0.07838863752886827,-0.5408059356056876,-0.8374868127439528,
0.0,-0.38564010661035475,-0.38564010661035475,1.0,0.07838863752886827,-0.5408059356056876,-0.8374868127439528,
0.0,-0.19281978061652727,-0.5101535618864164,1.0,0.07838863752886827,-0.5408059356056876,-0.8374868127439528,
-0.2886752948991407,-0.3692220683652261,-0.3692220683652261,1.0,-0.0910006784544083,-0.5264343248072046,-0.8453317562860275,
-0.3385015104224328,-0.18461130687126315,-0.4788254536312039,1.0,-0.0910006784544083,-0.5264343248072046,-0.8453317562860275,
0.0,-0.19281978061652727,-0.5101535618864164,1.0,-0.0910006784544083,-0.5264343248072046,-0.8453317562860275,
-0.577350044420981,-0.3148735842687008,-0.3148735842687008,1.0,-0.3051150786590759,-0.4775537420142244,-0.8239218483952696,
-0.6770030208448657,-0.15743679213435047,-0.3692220683652261,1.0,-0.3051150786590759,-0.4775537420142244,-0.8239218483952696,
-0.3385015104224328,-0.18461130687126315,-0.4788254536312039,1.0,-0.3051150786590759,-0.4775537420142244,-0.8239218483952696,
0.6770030208448656,-0.15743679213435047,-0.3692220683652261,1.0,0.3161197785005351,-0.18372194949928594,-0.9307601897980783,
0.3385015104224327,-0.18461130687126315,-0.4788254536312039,1.0,0.3161197785005351,-0.18372194949928594,-0.9307601897980783,
0.35355337853056823,0.0,-0.5101535618864164,1.0,0.3161197785005351,-0.18372194949928594,-0.9307601897980783,
0.3385015104224327,-0.18461130687126315,-0.4788254536312039,1.0,0.09496927876375408,-0.17889095353052573,-0.9792746615919516,
0.0,-0.19281978061652727,-0.5101535618864164,1.0,0.09496927876375408,-0.17889095353052573,-0.9792746615919516,
0.0,0.0,-0.5453773001969358,1.0,0.09496927876375408,-0.17889095353052573,-0.9792746615919516,
-0.3385015104224328,-0.18461130687126315,-0.4788254536312039,1.0,-0.09762055131749217,-0.17423799355166433,-0.9798527183018676,
-0.3535533785305681,0.0,-0.5101535618864164,1.0,-0.09762055131749217,-0.17423799355166433,-0.9798527183018676,
0.0,0.0,-0.5453773001969358,1.0,-0.09762055131749217,-0.17423799355166433,-0.9798527183018676,
-0.6770030208448657,-0.15743679213435047,-0.3692220683652261,1.0,-0.3279107065304997,-0.15979810862648933,-0.9310956626588189,
-0.7071067570611362,0.0,-0.38564010661035475,1.0,-0.3279107065304997,-0.15979810862648933,-0.9310956626588189,
-0.3535533785305681,0.0,-0.5101535618864164,1.0,-0.3279107065304997,-0.15979810862648933,-0.9310956626588189,
0.35355337853056823,0.0,-0.5101535618864164,1.0,0.3161197785005351,0.18372194949928594,-0.9307601897980783,
0.3385015104224327,0.18461130687126315,-0.4788254536312039,1.0,0.3161197785005351,0.18372194949928594,-0.9307601897980783,
0.6770030208448656,0.15743679213435047,-0.3692220683652261,1.0,0.3161197785005351,0.18372194949928594,-0.9307601897980783,
0.0,0.0,-0.5453773001969358,1.0,0.09496927876375408,0.17889095353052573,-0.9792746615919516,
0.0,0.19281978061652727,-0.5101535618864164,1.0,0.09496927876375408,0.17889095353052573,-0.9792746615919516,
0.3385015104224327,0.18461130687126315,-0.4788254536312039,1.0,0.09496927876375408,0.17889095353052573,-0.9792746615919516,
0.0,0.0,-0.5453773001969358,1.0,-0.09762055131749217,0.17423799355166433,-0.9798527183018676,
-0.3535533785305681,0.0,-0.5101535618864164,1.0,-0.09762055131749217,0.17423799355166433,-0.9798527183018676,
-0.3385015104224328,0.18461130687126315,-0.4788254536312039,1.0,-0.09762055131749217,0.17423799355166433,-0.9798527183018676,
-0.3535533785305681,0.0,-0.5101535618864164,1.0,-0.3279107065304997,0.15979810862648933,-0.9310956626588189,
-0.7071067570611362,0.0,-0.38564010661035475,1.0,-0.3279107065304997,0.15979810862648933,-0.9310956626588189,
-0.6770030208448657,0.15743679213435047,-0.3692220683652261,1.0,-0.3279107065304997,0.15979810862648933,-0.9310956626588189,
0.3385015104224327,0.18461130687126315,-0.4788254536312039,1.0,0.2530078487889129,0.5434765169924749,-0.8003875960613925,
0.2886752948991407,0.3692220683652261,-0.3692220683652261,1.0,0.2530078487889129,0.5434765169924749,-0.8003875960613925,
0.5773500444209809,0.31487358426870093,-0.3148735842687008,1.0,0.2530078487889129,0.5434765169924749,-0.8003875960613925,
0.0,0.19281978061652727,-0.5101535618864164,1.0,0.07838863752886827,0.5408059356056876,-0.8374868127439528,
0.0,0.38564010661035475,-0.38564010661035475,1.0,0.07838863752886827,0.5408059356056876,-0.8374868127439528,
0.2886752948991407,0.3692220683652261,-0.3692220683652261,1.0,0.07838863752886827,0.5408059356056876,-0.8374868127439528,
0.0,0.19281978061652727,-0.5101535618864164,1.0,-0.0910006784544083,0.5264343248072046,-0.8453317562860275,
-0.3385015104224328,0.18461130687126315,-0.4788254536312039,1.0,-0.0910006784544083,0.5264343248072046,-0.8453317562860275,
-0.2886752948991407,0.3692220683652261,-0.3692220683652261,1.0,-0.0910006784544083,0.5264343248072046,-0.8453317562860275,
-0.3385015104224328,0.18461130687126315,-0.4788254536312039,1.0,-0.3051150786590759,0.4775537420142241,-0.8239218483952697,
-0.6770030208448657,0.15743679213435047,-0.3692220683652261,1.0,-0.3051150786590759,0.4775537420142241,-0.8239218483952697,
-0.577350044420981,0.31487358426870093,-0.3148735842687008,1.0,-0.3051150786590759,0.4775537420142241,-0.8239218483952697,
-0.6770030208448657,-0.3692220683652261,-0.15743679213435047,1.0,-0.48456224304934575,-0.6185464544442021,-0.6185464544442021,
-0.8779712837036354,-0.18461130687126315,-0.18461130687126315,1.0,-0.48456224304934575,-0.6185464544442021,-0.6185464544442021,
-0.6770030208448657,-0.15743679213435047,-0.3692220683652261,1.0,-0.48456224304934575,-0.6185464544442021,-0.6185464544442021,
-0.7071067570611362,-0.38564010661035475,0.0,1.0,-0.6281598524203645,-0.7437680294941373,-0.22852640571635055,
-0.9354142386014781,-0.19281978061652727,0.0,1.0,-0.6281598524203645,-0.7437680294941373,-0.22852640571635055,
-0.8779712837036354,-0.18461130687126315,-0.18461130687126315,1.0,-0.6281598524203645,-0.7437680294941373,-0.22852640571635055,
-0.7071067570611362,-0.38564010661035475,0.0,1.0,-0.6479174854071197,-0.7348429589784441,0.20052121519559865,
-0.6770030208448657,-0.3692220683652261,0.15743679213435047,1.0,-0.6479174854071197,-0.7348429589784441,0.20052121519559865,
-0.8779712837036354,-0.18461130687126315,0.18461130687126315,1.0,-0.6479174854071197,-0.7348429589784441,0.20052121519559865,
-0.6770030208448657,-0.3692220683652261,0.15743679213435047,1.0,-0.5903919836207802,-0.5707176647328872,0.5707176647328872,
-0.577350044420981,-0.3148735842687008,0.31487358426870093,1.0,-0.5903919836207802,-0.5707176647328872,0.5707176647328872,
-0.6770030208448657,-0.15743679213435047,0.3692220683652261,1.0,-0.5903919836207802,-0.5707176647328872,0.5707176647328872,
-0.8779712837036354,-0.18461130687126315,-0.18461130687126315,1.0,-0.6281598524203645,-0.22852640571635055,-0.7437680294941373,
-0.9354142386014781,0.0,-0.19281978061652727,1.0,-0.6281598524203645,-0.22852640571635055,-0.7437680294941373,
-0.7071067570611362,0.0,-0.38564010661035475,1.0,-0.6281598524203645,-0.22852640571635055,-0.7437680294941373,
-0.9354142386014781,-0.19281978061652727,0.0,1.0,-0.9037335338696847,-0.30270918367255684,-0.30270918367255684,
-1.0,0.0,0.0,1.0,-0.9037335338696847,-0.30270918367255684,-0.30270918367255684,
-0.9354142386014781,0.0,-0.19281978061652727,1.0,-0.9037335338696847,-0.30270918367255684,-0.30270918367255684,
-0.9354142386014781,-0.19281978061652727,0.0,1.0,-0.9083118808609795,-0.2957782337214738,0.2957782337214738,
-0.8779712837036354,-0.18461130687126315,0.18461130687126315,1.0,-0.9083118808609795,-0.2957782337214738,0.2957782337214738,
-0.9354142386014781,0.0,0.19281978061652727,1.0,-0.9083118808609795,-0.2957782337214738,0.2957782337214738,
-0.8779712837036354,-0.18461130687126315,0.18461130687126315,1.0,-0.6479174854071197,-0.20052121519559865,0.7348429589784441,
-0.6770030208448657,-0.15743679213435047,0.3692220683652261,1.0,-0.6479174854071197,-0.20052121519559865,0.7348429589784441,
-0.7071067570611362,0.0,0.38564010661035475,1.0,-0.6479174854071197,-0.20052121519559865,0.7348429589784441,
-0.7071067570611362,0.0,-0.38564010661035475,1.0,-0.6281598524203645,0.22852640571635055,-0.7437680294941373,
-0.9354142386014781,0.0,-0.19281978061652727,1.0,-0.6281598524203645,0.22852640571635055,-0.7437680294941373,
-0.8779712837036354,0.18461130687126315,-0.18461130687126315,1.0,-0.6281598524203645,0.22852640571635055,-0.7437680294941373,
-0.9354142386014781,0.0,-0.19281978061652727,1.0,-0.9037335338696847,0.30270918367255684,-0.30270918367255684,
-1.0,0.0,0.0,1.0,-0.9037335338696847,0.30270918367255684,-0.30270918367255684,
-0.9354142386014781,0.19281978061652727,0.0,1.0,-0.9037335338696847,0.30270918367255684,-0.30270918367255684,
-0.9354142386014781,0.0,0.19281978061652727,1.0,-0.9083118808609795,0.2957782337214738,0.2957782337214738,
-0.8779712837036354,0.18461130687126315,0.18461130687126315,1.0,-0.9083118808609795,0.2957782337214738,0.2957782337214738,
-0.9354142386014781,0.19281978061652727,0.0,1.0,-0.9083118808609795,0.2957782337214738,0.2957782337214738,
-0.7071067570611362,0.0,0.38564010661035475,1.0,-0.6479174854071197,0.20052121519559865,0.7348429589784441,
-0.6770030208448657,0.15743679213435047,0.3692220683652261,1.0,-0.6479174854071197,0.20052121519559865,0.7348429589784441,
-0.8779712837036354,0.18461130687126315,0.18461130687126315,1.0,-0.6479174854071197,0.20052121519559865,0.7348429589784441,
-0.6770030208448657,0.15743679213435047,-0.3692220683652261,1.0,-0.48456224304934575,0.6185464544442021,-0.6185464544442021,
-0.8779712837036354,0.18461130687126315,-0.18461130687126315,1.0,-0.48456224304934575,0.6185464544442021,-0.6185464544442021,
-0.6770030208448657,0.3692220683652261,-0.15743679213435047,1.0,-0.48456224304934575,0.6185464544442021,-0.6185464544442021,
-0.8779712837036354,0.18461130687126315,-0.18461130687126315,1.0,-0.6281598524203645,0.7437680294941373,-0.22852640571635055,
-0.9354142386014781,0.19281978061652727,0.0,1.0,-0.6281598524203645,0.7437680294941373,-0.22852640571635055,
-0.7071067570611362,0.38564010661035475,0.0,1.0,-0.6281598524203645,0.7437680294941373,-0.22852640571635055,
-0.8779712837036354,0.18461130687126315,0.18461130687126315,1.0,-0.6479174854071197,0.7348429589784441,0.20052121519559865,
-0.6770030208448657,0.3692220683652261,0.15743679213435047,1.0,-0.6479174854071197,0.7348429589784441,0.20052121519559865,
-0.7071067570611362,0.38564010661035475,0.0,1.0,-0.6479174854071197,0.7348429589784441,0.20052121519559865,
-0.6770030208448657,0.15743679213435047,0.3692220683652261,1.0,-0.5903919836207806,0.570717664732887,0.570717664732887,
-0.577350044420981,0.31487358426870093,0.31487358426870093,1.0,-0.5903919836207806,0.570717664732887,0.570717664732887,
-0.6770030208448657,0.3692220683652261,0.15743679213435047,1.0,-0.5903919836207806,0.570717664732887,0.570717664732887,
-0.577350044420981,-0.3148735842687008,0.31487358426870093,1.0,-0.2530078487889128,-0.5434765169924753,0.8003875960613923,
-0.2886752948991407,-0.3692220683652261,0.3692220683652261,1.0,-0.2530078487889128,-0.5434765169924753,0.8003875960613923,
-0.3385015104224328,-0.18461130687126315,0.478825453631204,1.0,-0.2530078487889128,-0.5434765169924753,0.8003875960613923,
-0.2886752948991407,-0.3692220683652261,0.3692220683652261,1.0,-0.07838863752886827,-0.5408059356056882,0.8374868127439523,
0.0,-0.38564010661035475,0.38564010661035475,1.0,-0.07838863752886827,-0.5408059356056882,0.8374868127439523,
0.0,-0.19281978061652727,0.5101535618864166,1.0,-0.07838863752886827,-0.5408059356056882,0.8374868127439523,
0.2886752948991407,-0.3692220683652261,0.3692220683652261,1.0,0.0910006784544086,-0.526434324807205,0.8453317562860273,
0.3385015104224327,-0.18461130687126315,0.478825453631204,1.0,0.0910006784544086,-0.526434324807205,0.8453317562860273,
0.0,-0.19281978061652727,0.5101535618864166,1.0,0.0910006784544086,-0.526434324807205,0.8453317562860273,
0.5773500444209809,-0.3148735842687008,0.31487358426870093,1.0,0.3051150786590761,-0.47755374201422407,0.8239218483952697,
0.6770030208448656,-0.15743679213435047,0.3692220683652261,1.0,0.3051150786590761,-0.47755374201422407,0.8239218483952697,
0.3385015104224327,-0.18461130687126315,0.478825453631204,1.0,0.3051150786590761,-0.47755374201422407,0.8239218483952697,
-0.6770030208448657,-0.15743679213435047,0.3692220683652261,1.0,-0.3161197785005353,-0.18372194949928608,0.9307601897980781,
-0.3385015104224328,-0.18461130687126315,0.478825453631204,1.0,-0.3161197785005353,-0.18372194949928608,0.9307601897980781,
-0.3535533785305681,0.0,0.5101535618864166,1.0,-0.3161197785005353,-0.18372194949928608,0.9307601897980781,
-0.3385015104224328,-0.18461130687126315,0.478825453631204,1.0,-0.09496927876375436,-0.17889095353052464,0.9792746615919519,
0.0,-0.19281978061652727,0.5101535618864166,1.0,-0.09496927876375436,-0.17889095353052464,0.9792746615919519,
0.0,0.0,0.5453773001969358,1.0,-0.09496927876375436,-0.17889095353052464,0.9792746615919519,
0.3385015104224327,-0.18461130687126315,0.478825453631204,1.0,0.0976205513174915,-0.17423799355166497,0.9798527183018674,
0.35355337853056823,0.0,0.5101535618864166,1.0,0.0976205513174915,-0.17423799355166497,0.9798527183018674,
0.0,0.0,0.5453773001969358,1.0,0.0976205513174915,-0.17423799355166497,0.9798527183018674,
0.6770030208448656,-0.15743679213435047,0.3692220683652261,1.0,0.32791070653050053,-0.15979810862648924,0.9310956626588187,
0.707106757061136,0.0,0.38564010661035475,1.0,0.32791070653050053,-0.15979810862648924,0.9310956626588187,
0.35355337853056823,0.0,0.5101535618864166,1.0,0.32791070653050053,-0.15979810862648924,0.9310956626588187,
-0.3535533785305681,0.0,0.5101535618864166,1.0,-0.3161197785005353,0.18372194949928608,0.9307601897980781,
-0.3385015104224328,0.18461130687126315,0.478825453631204,1.0,-0.3161197785005353,0.18372194949928608,0.9307601897980781,
-0.6770030208448657,0.15743679213435047,0.3692220683652261,1.0,-0.3161197785005353,0.18372194949928608,0.9307601897980781,
0.0,0.0,0.5453773001969358,1.0,-0.09496927876375436,0.17889095353052464,0.9792746615919519,
0.0,0.19281978061652727,0.5101535618864166,1.0,-0.09496927876375436,0.17889095353052464,0.9792746615919519,
-0.3385015104224328,0.18461130687126315,0.478825453631204,1.0,-0.09496927876375436,0.17889095353052464,0.9792746615919519,
0.0,0.0,0.5453773001969358,1.0,0.0976205513174915,0.17423799355166497,0.9798527183018674,
0.35355337853056823,0.0,0.5101535618864166,1.0,0.0976205513174915,0.17423799355166497,0.9798527183018674,
0.3385015104224327,0.18461130687126315,0.478825453631204,1.0,0.0976205513174915,0.17423799355166497,0.9798527183018674,
0.35355337853056823,0.0,0.5101535618864166,1.0,0.32791070653050053,0.15979810862648924,0.9310956626588187,
0.707106757061136,0.0,0.38564010661035475,1.0,0.32791070653050053,0.15979810862648924,0.9310956626588187,
0.6770030208448656,0.15743679213435047,0.3692220683652261,1.0,0.32791070653050053,0.15979810862648924,0.9310956626588187,
-0.3385015104224328,0.18461130687126315,0.478825453631204,1.0,-0.2530078487889126,0.5434765169924753,0.8003875960613924,
-0.2886752948991407,0.3692220683652261,0.3692220683652261,1.0,-0.2530078487889126,0.5434765169924753,0.8003875960613924,
-0.577350044420981,0.31487358426870093,0.31487358426870093,1.0,-0.2530078487889126,0.5434765169924753,0.8003875960613924,
0.0,0.19281978061652727,0.5101535618864166,1.0,-0.07838863752886827,0.5408059356056882,0.8374868127439523,
0.0,0.38564010661035475,0.38564010661035475,1.0,-0.07838863752886827,0.5408059356056882,0.8374868127439523,
-0.2886752948991407,0.3692220683652261,0.3692220683652261,1.0,-0.07838863752886827,0.5408059356056882,0.8374868127439523,
0.0,0.19281978061652727,0.5101535618864166,1.0,0.0910006784544086,0.526434324807205,0.8453317562860273,
0.3385015104224327,0.18461130687126315,0.478825453631204,1.0,0.0910006784544086,0.526434324807205,0.8453317562860273,
0.2886752948991407,0.3692220683652261,0.3692220683652261,1.0,0.0910006784544086,0.526434324807205,0.8453317562860273,
0.3385015104224327,0.18461130687126315,0.478825453631204,1.0,0.30511507865907617,0.47755374201422385,0.8239218483952698,
0.6770030208448656,0.15743679213435047,0.3692220683652261,1.0,0.30511507865907617,0.47755374201422385,0.8239218483952698,
0.5773500444209809,0.31487358426870093,0.31487358426870093,1.0,0.30511507865907617,0.47755374201422385,0.8239218483952698,
0.6770030208448656,-0.3692220683652261,0.15743679213435047,1.0,0.48456224304934575,-0.6185464544442021,0.6185464544442021,
0.8779712837036353,-0.18461130687126315,0.18461130687126315,1.0,0.48456224304934575,-0.6185464544442021,0.6185464544442021,
0.6770030208448656,-0.15743679213435047,0.3692220683652261,1.0,0.48456224304934575,-0.6185464544442021,0.6185464544442021,
0.707106757061136,-0.38564010661035475,0.0,1.0,0.6281598524203642,-0.7437680294941376,0.22852640571635083,
0.9354142386014781,-0.19281978061652727,0.0,1.0,0.6281598524203642,-0.7437680294941376,0.22852640571635083,
0.8779712837036353,-0.18461130687126315,0.18461130687126315,1.0,0.6281598524203642,-0.7437680294941376,0.22852640571635083,
0.707106757061136,-0.38564010661035475,0.0,1.0,0.6479174854071198,-0.7348429589784442,-0.20052121519559823,
0.6770030208448656,-0.3692220683652261,-0.15743679213435047,1.0,0.6479174854071198,-0.7348429589784442,-0.20052121519559823,
0.8779712837036353,-0.18461130687126315,-0.18461130687126315,1.0,0.6479174854071198,-0.7348429589784442,-0.20052121519559823,
0.6770030208448656,-0.3692220683652261,-0.15743679213435047,1.0,0.5903919836207798,-0.5707176647328874,-0.5707176647328874,
0.5773500444209809,-0.3148735842687008,-0.3148735842687008,1.0,0.5903919836207798,-0.5707176647328874,-0.5707176647328874,
0.6770030208448656,-0.15743679213435047,-0.3692220683652261,1.0,0.5903919836207798,-0.5707176647328874,-0.5707176647328874,
0.8779712837036353,-0.18461130687126315,0.18461130687126315,1.0,0.6281598524203642,-0.22852640571635083,0.7437680294941376,
0.9354142386014781,0.0,0.19281978061652727,1.0,0.6281598524203642,-0.22852640571635083,0.7437680294941376,
0.707106757061136,0.0,0.38564010661035475,1.0,0.6281598524203642,-0.22852640571635083,0.7437680294941376,
0.9354142386014781,-0.19281978061652727,0.0,1.0,0.9037335338696847,-0.30270918367255684,0.30270918367255684,
1.0,0.0,0.0,1.0,0.9037335338696847,-0.30270918367255684,0.30270918367255684,
0.9354142386014781,0.0,0.19281978061652727,1.0,0.9037335338696847,-0.30270918367255684,0.30270918367255684,
0.9354142386014781,-0.19281978061652727,0.0,1.0,0.9083118808609792,-0.2957782337214744,-0.2957782337214744,
0.8779712837036353,-0.18461130687126315,-0.18461130687126315,1.0,0.9083118808609792,-0.2957782337214744,-0.2957782337214744,
0.9354142386014781,0.0,-0.19281978061652727,1.0,0.9083118808609792,-0.2957782337214744,-0.2957782337214744,
0.8779712837036353,-0.18461130687126315,-0.18461130687126315,1.0,0.6479174854071198,-0.20052121519559823,-0.7348429589784442,
0.6770030208448656,-0.15743679213435047,-0.3692220683652261,1.0,0.6479174854071198,-0.20052121519559823,-0.7348429589784442,
0.707106757061136,0.0,-0.38564010661035475,1.0,0.6479174854071198,-0.20052121519559823,-0.7348429589784442,
0.707106757061136,0.0,0.38564010661035475,1.0,0.6281598524203642,0.22852640571635083,0.7437680294941376,
0.9354142386014781,0.0,0.19281978061652727,1.0,0.6281598524203642,0.22852640571635083,0.7437680294941376,
0.8779712837036353,0.18461130687126315,0.18461130687126315,1.0,0.6281598524203642,0.22852640571635083,0.7437680294941376,
0.9354142386014781,0.0,0.19281978061652727,1.0,0.9037335338696847,0.30270918367255684,0.30270918367255684,
1.0,0.0,0.0,1.0,0.9037335338696847,0.30270918367255684,0.30270918367255684,
0.9354142386014781,0.19281978061652727,0.0,1.0,0.9037335338696847,0.30270918367255684,0.30270918367255684,
0.9354142386014781,0.0,-0.19281978061652727,1.0,0.9083118808609792,0.2957782337214744,-0.2957782337214744,
0.8779712837036353,0.18461130687126315,-0.18461130687126315,1.0,0.9083118808609792,0.2957782337214744,-0.2957782337214744,
0.9354142386014781,0.19281978061652727,0.0,1.0,0.9083118808609792,0.2957782337214744,-0.2957782337214744,
0.707106757061136,0.0,-0.38564010661035475,1.0,0.6479174854071198,0.20052121519559823,-0.7348429589784442,
0.6770030208448656,0.15743679213435047,-0.3692220683652261,1.0,0.6479174854071198,0.20052121519559823,-0.7348429589784442,
0.8779712837036353,0.18461130687126315,-0.18461130687126315,1.0,0.6479174854071198,0.20052121519559823,-0.7348429589784442,
0.6770030208448656,0.15743679213435047,0.3692220683652261,1.0,0.48456224304934575,0.6185464544442021,0.6185464544442021,
0.8779712837036353,0.18461130687126315,0.18461130687126315,1.0,0.48456224304934575,0.6185464544442021,0.6185464544442021,
0.6770030208448656,0.3692220683652261,0.15743679213435047,1.0,0.48456224304934575,0.6185464544442021,0.6185464544442021,
0.8779712837036353,0.18461130687126315,0.18461130687126315,1.0,0.6281598524203642,0.7437680294941376,0.22852640571635083,
0.9354142386014781,0.19281978061652727,0.0,1.0,0.6281598524203642,0.7437680294941376,0.22852640571635083,
0.707106757061136,0.38564010661035475,0.0,1.0,0.6281598524203642,0.7437680294941376,0.22852640571635083,
0.8779712837036353,0.18461130687126315,-0.18461130687126315,1.0,0.6479174854071198,0.7348429589784442,-0.20052121519559823,
0.6770030208448656,0.3692220683652261,-0.15743679213435047,1.0,0.6479174854071198,0.7348429589784442,-0.20052121519559823,
0.707106757061136,0.38564010661035475,0.0,1.0,0.6479174854071198,0.7348429589784442,-0.20052121519559823,
0.6770030208448656,0.15743679213435047,-0.3692220683652261,1.0,0.5903919836207802,0.5707176647328872,-0.5707176647328872,
0.5773500444209809,0.31487358426870093,-0.3148735842687008,1.0,0.5903919836207802,0.5707176647328872,-0.5707176647328872,
0.6770030208448656,0.3692220683652261,-0.15743679213435047,1.0,0.5903919836207802,0.5707176647328872,-0.5707176647328872,
0.5773500444209809,-0.3148735842687008,0.31487358426870093,1.0,0.2530078487889129,-0.8003875960613925,0.5434765169924749,
0.2886752948991407,-0.3692220683652261,0.3692220683652261,1.0,0.2530078487889129,-0.8003875960613925,0.5434765169924749,
0.3385015104224327,-0.4788254536312039,0.18461130687126315,1.0,0.2530078487889129,-0.8003875960613925,0.5434765169924749,
0.2886752948991407,-0.3692220683652261,0.3692220683652261,1.0,0.07838863752886827,-0.8374868127439528,0.5408059356056876,
0.0,-0.38564010661035475,0.38564010661035475,1.0,0.07838863752886827,-0.8374868127439528,0.5408059356056876,
0.0,-0.5101535618864164,0.19281978061652727,1.0,0.07838863752886827,-0.8374868127439528,0.5408059356056876,
-0.2886752948991407,-0.3692220683652261,0.3692220683652261,1.0,-0.0910006784544083,-0.8453317562860275,0.5264343248072046,
-0.3385015104224328,-0.4788254536312039,0.18461130687126315,1.0,-0.0910006784544083,-0.8453317562860275,0.5264343248072046,
0.0,-0.5101535618864164,0.19281978061652727,1.0,-0.0910006784544083,-0.8453317562860275,0.5264343248072046,
-0.577350044420981,-0.3148735842687008,0.31487358426870093,1.0,-0.3051150786590759,-0.8239218483952697,0.4775537420142241,
-0.6770030208448657,-0.3692220683652261,0.15743679213435047,1.0,-0.3051150786590759,-0.8239218483952697,0.4775537420142241,
-0.3385015104224328,-0.4788254536312039,0.18461130687126315,1.0,-0.3051150786590759,-0.8239218483952697,0.4775537420142241,
0.6770030208448656,-0.3692220683652261,0.15743679213435047,1.0,0.3161197785005351,-0.9307601897980783,0.18372194949928594,
0.3385015104224327,-0.4788254536312039,0.18461130687126315,1.0,0.3161197785005351,-0.9307601897980783,0.18372194949928594,
0.35355337853056823,-0.5101535618864164,0.0,1.0,0.3161197785005351,-0.9307601897980783,0.18372194949928594,
0.3385015104224327,-0.4788254536312039,0.18461130687126315,1.0,0.09496927876375408,-0.9792746615919516,0.17889095353052573,
0.0,-0.5101535618864164,0.19281978061652727,1.0,0.09496927876375408,-0.9792746615919516,0.17889095353052573,
0.0,-0.5453773001969358,0.0,1.0,0.09496927876375408,-0.9792746615919516,0.17889095353052573,
-0.3385015104224328,-0.4788254536312039,0.18461130687126315,1.0,-0.09762055131749217,-0.9798527183018676,0.17423799355166433,
-0.3535533785305681,-0.5101535618864164,0.0,1.0,-0.09762055131749217,-0.9798527183018676,0.17423799355166433,
0.0,-0.5453773001969358,0.0,1.0,-0.09762055131749217,-0.9798527183018676,0.17423799355166433,
-0.6770030208448657,-0.3692220683652261,0.15743679213435047,1.0,-0.3279107065304997,-0.9310956626588189,0.15979810862648933,
-0.7071067570611362,-0.38564010661035475,0.0,1.0,-0.3279107065304997,-0.9310956626588189,0.15979810862648933,
-0.3535533785305681,-0.5101535618864164,0.0,1.0,-0.3279107065304997,-0.9310956626588189,0.15979810862648933,
0.35355337853056823,-0.5101535618864164,0.0,1.0,0.3161197785005351,-0.9307601897980783,-0.18372194949928594,
0.3385015104224327,-0.4788254536312039,-0.18461130687126315,1.0,0.3161197785005351,-0.9307601897980783,-0.18372194949928594,
0.6770030208448656,-0.3692220683652261,-0.15743679213435047,1.0,0.3161197785005351,-0.9307601897980783,-0.18372194949928594,
0.0,-0.5453773001969358,0.0,1.0,0.09496927876375408,-0.9792746615919516,-0.17889095353052573,
0.0,-0.5101535618864164,-0.19281978061652727,1.0,0.09496927876375408,-0.9792746615919516,-0.17889095353052573,
0.3385015104224327,-0.4788254536312039,-0.18461130687126315,1.0,0.09496927876375408,-0.9792746615919516,-0.17889095353052573,
0.0,-0.5453773001969358,0.0,1.0,-0.09762055131749217,-0.9798527183018676,-0.17423799355166433,
-0.3535533785305681,-0.5101535618864164,0.0,1.0,-0.09762055131749217,-0.9798527183018676,-0.17423799355166433,
-0.3385015104224328,-0.4788254536312039,-0.18461130687126315,1.0,-0.09762055131749217,-0.9798527183018676,-0.17423799355166433,
-0.3535533785305681,-0.5101535618864164,0.0,1.0,-0.3279107065304997,-0.9310956626588189,-0.15979810862648933,
-0.7071067570611362,-0.38564010661035475,0.0,1.0,-0.3279107065304997,-0.9310956626588189,-0.15979810862648933,
-0.6770030208448657,-0.3692220683652261,-0.15743679213435047,1.0,-0.3279107065304997,-0.9310956626588189,-0.15979810862648933,
0.3385015104224327,-0.4788254536312039,-0.18461130687126315,1.0,0.25300784878891314,-0.8003875960613924,-0.5434765169924749,
0.2886752948991407,-0.3692220683652261,-0.3692220683652261,1.0,0.25300784878891314,-0.8003875960613924,-0.5434765169924749,
0.5773500444209809,-0.3148735842687008,-0.3148735842687008,1.0,0.25300784878891314,-0.8003875960613924,-0.5434765169924749,
0.0,-0.5101535618864164,-0.19281978061652727,1.0,0.07838863752886827,-0.8374868127439528,-0.5408059356056876,
0.0,-0.38564010661035475,-0.38564010661035475,1.0,0.07838863752886827,-0.8374868127439528,-0.5408059356056876,
0.2886752948991407,-0.3692220683652261,-0.3692220683652261,1.0,0.07838863752886827,-0.8374868127439528,-0.5408059356056876,
0.0,-0.5101535618864164,-0.19281978061652727,1.0,-0.0910006784544083,-0.8453317562860275,-0.5264343248072046,
-0.3385015104224328,-0.4788254536312039,-0.18461130687126315,1.0,-0.0910006784544083,-0.8453317562860275,-0.5264343248072046,
-0.2886752948991407,-0.3692220683652261,-0.3692220683652261,1.0,-0.0910006784544083,-0.8453317562860275,-0.5264343248072046,
-0.3385015104224328,-0.4788254536312039,-0.18461130687126315,1.0,-0.3051150786590759,-0.8239218483952696,-0.4775537420142244,
-0.6770030208448657,-0.3692220683652261,-0.15743679213435047,1.0,-0.3051150786590759,-0.8239218483952696,-0.4775537420142244,
-0.577350044420981,-0.3148735842687008,-0.3148735842687008,1.0,-0.3051150786590759,-0.8239218483952696,-0.4775537420142244,
0.5773500444209809,0.31487358426870093,-0.3148735842687008,1.0,0.25300784878891286,0.8003875960613922,-0.5434765169924751,
0.2886752948991407,0.3692220683652261,-0.3692220683652261,1.0,0.25300784878891286,0.8003875960613922,-0.5434765169924751,
0.3385015104224327,0.478825453631204,-0.18461130687126315,1.0,0.25300784878891286,0.8003875960613922,-0.5434765169924751,
0.2886752948991407,0.3692220683652261,-0.3692220683652261,1.0,0.07838863752886827,0.8374868127439523,-0.5408059356056882,
0.0,0.38564010661035475,-0.38564010661035475,1.0,0.07838863752886827,0.8374868127439523,-0.5408059356056882,
0.0,0.5101535618864166,-0.19281978061652727,1.0,0.07838863752886827,0.8374868127439523,-0.5408059356056882,
-0.2886752948991407,0.3692220683652261,-0.3692220683652261,1.0,-0.09100067845440858,0.8453317562860273,-0.5264343248072051,
-0.3385015104224328,0.478825453631204,-0.18461130687126315,1.0,-0.09100067845440858,0.8453317562860273,-0.5264343248072051,
0.0,0.5101535618864166,-0.19281978061652727,1.0,-0.09100067845440858,0.8453317562860273,-0.5264343248072051,
-0.577350044420981,0.31487358426870093,-0.3148735842687008,1.0,-0.3051150786590761,0.8239218483952696,-0.477553742014224,
-0.6770030208448657,0.3692220683652261,-0.15743679213435047,1.0,-0.3051150786590761,0.8239218483952696,-0.477553742014224,
-0.3385015104224328,0.478825453631204,-0.18461130687126315,1.0,-0.3051150786590761,0.8239218483952696,-0.477553742014224,
0.6770030208448656,0.3692220683652261,-0.15743679213435047,1.0,0.3161197785005353,0.930760189798078,-0.18372194949928644,
0.3385015104224327,0.478825453631204,-0.18461130687126315,1.0,0.3161197785005353,0.930760189798078,-0.18372194949928644,
0.35355337853056823,0.5101535618864166,0.0,1.0,0.3161197785005353,0.930760189798078,-0.18372194949928644,
0.3385015104224327,0.478825453631204,-0.18461130687126315,1.0,0.09496927876375438,0.9792746615919519,-0.17889095353052462,
0.0,0.5101535618864166,-0.19281978061652727,1.0,0.09496927876375438,0.9792746615919519,-0.17889095353052462,
0.0,0.5453773001969358,0.0,1.0,0.09496927876375438,0.9792746615919519,-0.17889095353052462,
-0.3385015104224328,0.478825453631204,-0.18461130687126315,1.0,-0.09762055131749155,0.9798527183018676,-0.17423799355166486,
-0.3535533785305681,0.5101535618864166,0.0,1.0,-0.09762055131749155,0.9798527183018676,-0.17423799355166486,
0.0,0.5453773001969358,0.0,1.0,-0.09762055131749155,0.9798527183018676,-0.17423799355166486,
-0.6770030208448657,0.3692220683652261,-0.15743679213435047,1.0,-0.32791070653050025,0.9310956626588187,-0.1597981086264894,
-0.7071067570611362,0.38564010661035475,0.0,1.0,-0.32791070653050025,0.9310956626588187,-0.1597981086264894,
-0.3535533785305681,0.5101535618864166,0.0,1.0,-0.32791070653050025,0.9310956626588187,-0.1597981086264894,
0.35355337853056823,0.5101535618864166,0.0,1.0,0.3161197785005353,0.930760189798078,0.18372194949928644,
0.3385015104224327,0.478825453631204,0.18461130687126315,1.0,0.3161197785005353,0.930760189798078,0.18372194949928644,
0.6770030208448656,0.3692220683652261,0.15743679213435047,1.0,0.3161197785005353,0.930760189798078,0.18372194949928644,
0.0,0.5453773001969358,0.0,1.0,0.09496927876375438,0.9792746615919519,0.17889095353052462,
0.0,0.5101535618864166,0.19281978061652727,1.0,0.09496927876375438,0.9792746615919519,0.17889095353052462,
0.3385015104224327,0.478825453631204,0.18461130687126315,1.0,0.09496927876375438,0.9792746615919519,0.17889095353052462,
0.0,0.5453773001969358,0.0,1.0,-0.09762055131749155,0.9798527183018676,0.17423799355166486,
-0.3535533785305681,0.5101535618864166,0.0,1.0,-0.09762055131749155,0.9798527183018676,0.17423799355166486,
-0.3385015104224328,0.478825453631204,0.18461130687126315,1.0,-0.09762055131749155,0.9798527183018676,0.17423799355166486,
-0.3535533785305681,0.5101535618864166,0.0,1.0,-0.32791070653050025,0.9310956626588187,0.1597981086264894,
-0.7071067570611362,0.38564010661035475,0.0,1.0,-0.32791070653050025,0.9310956626588187,0.1597981086264894,
-0.6770030208448657,0.3692220683652261,0.15743679213435047,1.0,-0.32791070653050025,0.9310956626588187,0.1597981086264894,
0.3385015104224327,0.478825453631204,0.18461130687126315,1.0,0.25300784878891264,0.8003875960613923,0.5434765169924751,
0.2886752948991407,0.3692220683652261,0.3692220683652261,1.0,0.25300784878891264,0.8003875960613923,0.5434765169924751,
0.5773500444209809,0.31487358426870093,0.31487358426870093,1.0,0.25300784878891264,0.8003875960613923,0.5434765169924751,
0.0,0.5101535618864166,0.19281978061652727,1.0,0.07838863752886827,0.8374868127439523,0.5408059356056882,
0.0,0.38564010661035475,0.38564010661035475,1.0,0.07838863752886827,0.8374868127439523,0.5408059356056882,
0.2886752948991407,0.3692220683652261,0.3692220683652261,1.0,0.07838863752886827,0.8374868127439523,0.5408059356056882,
0.0,0.5101535618864166,0.19281978061652727,1.0,-0.09100067845440858,0.8453317562860273,0.5264343248072051,
-0.3385015104224328,0.478825453631204,0.18461130687126315,1.0,-0.09100067845440858,0.8453317562860273,0.5264343248072051,
-0.2886752948991407,0.3692220683652261,0.3692220683652261,1.0,-0.09100067845440858,0.8453317562860273,0.5264343248072051,
-0.3385015104224328,0.478825453631204,0.18461130687126315,1.0,-0.30511507865907617,0.8239218483952698,0.47755374201422385,
-0.6770030208448657,0.3692220683652261,0.15743679213435047,1.0,-0.30511507865907617,0.8239218483952698,0.47755374201422385,
-0.577350044420981,0.31487358426870093,0.31487358426870093,1.0,-0.30511507865907617,0.8239218483952698,0.47755374201422385