0.5773586665257424,-0.0880187512045908,-0.5773586665257424,1.0,0.1450072023320926,-0.966109453736866,-0.21355428975338775,
0.3385151980502725,-0.057418103367880446,-0.8779735518486971,1.0,0.1450072023320926,-0.966109453736866,-0.21355428975338775,
0.6770098791989705,-0.051034238356658324,-0.6770098791989703,1.0,0.1450072023320926,-0.966109453736866,-0.21355428975338775,
0.2886895917136587,-0.10078648122703504,-0.6770098791989703,1.0,0.039744069972150554,-0.978711861215288,-0.20135416960807062,
1.9895177284734444e-05,-0.059346070391624095,-0.9354159024638933,1.0,0.039744069972150554,-0.978711861215288,-0.20135416960807062,
0.3385151980502725,-0.057418103367880446,-0.8779735518486971,1.0,0.039744069972150554,-0.978711861215288,-0.20135416960807062,
-0.2886491796347992,-0.10078648122703504,-0.6770098791989703,1.0,-0.033380171932790234,-0.9803334128957572,-0.19450491942851794,
1.9895177284734444e-05,-0.059346070391624095,-0.9354159024638933,1.0,-0.033380171932790234,-0.9803334128957572,-0.19450491942851794,
1.9895177284734444e-05,-0.10464303699881239,-0.7071125258792735,1.0,-0.033380171932790234,-0.9803334128957572,-0.19450491942851794,
-0.5773188761711732,-0.0880187512045908,-0.5773586665257424,1.0,-0.10685410938683428,-0.9770343129261361,-0.18435333105777932,
-0.338474785971413,-0.057418103367880446,-0.8779735518486971,1.0,-0.10685410938683428,-0.9770343129261361,-0.18435333105777932,
-0.2886491796347992,-0.10078648122703504,-0.6770098791989703,1.0,-0.10685410938683428,-0.9770343129261361,-0.18435333105777932,
0.6770098791989705,-0.051034238356658324,-0.6770098791989703,1.0,0.36034844414711004,-0.7474973466009228,-0.5580293143064591,
0.3535665213904242,-0.014049725508725852,-0.9354159024638933,1.0,0.36034844414711004,-0.7474973466009228,-0.5580293143064591,
0.7071131476035637,-0.014049725508725852,-0.7071125258792735,1.0,0.36034844414711004,-0.7474973466009228,-0.5580293143064591,
0.3385151980502725,-0.057418103367880446,-0.8779735518486971,1.0,0.10618314510844903,-0.8067541315255252,-0.581268363977753,
1.9895177284734444e-05,-0.014049725508725852,-1.0,1.0,0.10618314510844903,-0.8067541315255252,-0.581268363977753,
0.3535665213904242,-0.014049725508725852,-0.9354159024638933,1.0,0.10618314510844903,-0.8067541315255252,-0.581268363977753,
-0.338474785971413,-0.057418103367880446,-0.8779735518486971,1.0,-0.10157749162276614,-0.8144759431599009,-0.5712363356872677,
1.9895177284734444e-05,-0.014049725508725852,-1.0,1.0,-0.10157749162276614,-0.8144759431599009,-0.5712363356872677,
1.9895177284734444e-05,-0.059346070391624095,-0.9354159024638933,1.0,-0.10157749162276614,-0.8144759431599009,-0.5712363356872677,
-0.6769694671201109,-0.051034238356658324,-0.6770098791989703,1.0,-0.3210997116296915,-0.7943796186900282,-0.5156122541224312,
-0.3535261093115647,-0.014049725508725852,-0.9354159024638933,1.0,-0.3210997116296915,-0.7943796186900282,-0.5156122541224312,
-0.338474785971413,-0.057418103367880446,-0.8779735518486971,1.0,-0.3210997116296915,-0.7943796186900282,-0.5156122541224312,
0.3535665213904242,-0.014049725508725852,-0.9354159024638933,1.0,0.3603518288072154,0.7474918020180726,-0.5580345557320529,
0.6770098791989705,0.02293540906349678,-0.6770098791989703,1.0,0.3603518288072154,0.7474918020180726,-0.5580345557320529,
0.7071131476035637,-0.014049725508725852,-0.7071125258792735,1.0,0.3603518288072154,0.7474918020180726,-0.5580345557320529,
1.9895177284734444e-05,-0.014049725508725852,-1.0,1.0,0.10618314510844903,0.8067541315255252,-0.581268363977753,
0.3385151980502725,0.029318652350428742,-0.8779735518486971,1.0,0.10618314510844903,0.8067541315255252,-0.581268363977753,
0.3535665213904242,-0.014049725508725852,-0.9354159024638933,1.0,0.10618314510844903,0.8067541315255252,-0.581268363977753,
1.9895177284734444e-05,-0.014049725508725852,-1.0,1.0,-0.10157983401869007,0.8144720614002485,-0.5712414537821684,
-0.338474785971413,0.029318652350428742,-0.8779735518486971,1.0,-0.10157983401869007,0.8144720614002485,-0.5712414537821684,
1.9895177284734444e-05,0.031247241098462553,-0.9354159024638933,1.0,-0.10157983401869007,0.8144720614002485,-0.5712414537821684,
-0.3535261093115647,-0.014049725508725852,-0.9354159024638933,1.0,-0.3210985243965356,0.7943798052470552,-0.5156127060556382,
-0.6769694671201109,0.02293540906349678,-0.6770098791989703,1.0,-0.3210985243965356,0.7943798052470552,-0.5156127060556382,
-0.338474785971413,0.029318652350428742,-0.8779735518486971,1.0,-0.3210985243965356,0.7943798052470552,-0.5156127060556382,
0.3385151980502725,0.029318652350428742,-0.8779735518486971,1.0,0.14500607782609293,0.9661093799993359,-0.21355538689246878,
0.5773586665257424,0.05991992191142925,-0.5773586665257424,1.0,0.14500607782609293,0.9661093799993359,-0.21355538689246878,
0.6770098791989705,0.02293540906349678,-0.6770098791989703,1.0,0.14500607782609293,0.9661093799993359,-0.21355538689246878,
1.9895177284734444e-05,0.031247241098462553,-0.9354159024638933,1.0,0.03974579571900012,0.9787118783981215,-0.20135374544587983,
0.2886895917136587,0.07268703020958323,-0.6770098791989703,1.0,0.03974579571900012,0.9787118783981215,-0.20135374544587983,
0.3385151980502725,0.029318652350428742,-0.8779735518486971,1.0,0.03974579571900012,0.9787118783981215,-0.20135374544587983,
1.9895177284734444e-05,0.031247241098462553,-0.9354159024638933,1.0,-0.033382280984159386,0.9803333438006263,-0.19450490571956672,
-0.2886491796347992,0.07268703020958323,-0.6770098791989703,1.0,-0.033382280984159386,0.9803333438006263,-0.19450490571956672,
1.9895177284734444e-05,0.07654420770565085,-0.7071125258792735,1.0,-0.033382280984159386,0.9803333438006263,-0.19450490571956672,
-0.338474785971413,0.029318652350428742,-0.8779735518486971,1.0,-0.10685218366149532,0.9770344287284374,-0.1843538334997838,
-0.5773188761711732,0.05991992191142925,-0.5773586665257424,1.0,-0.10685218366149532,0.9770344287284374,-0.1843538334997838,
-0.2886491796347992,0.07268703020958323,-0.6770098791989703,1.0,-0.10685218366149532,0.9770344287284374,-0.1843538334997838,
-0.5773188761711732,-0.0880187512045908,-0.5773586665257424,1.0,-0.21355499443597914,-0.9661092169477828,-0.14500774213810444,
-0.8779337614941277,-0.057418103367880446,-0.33851457632598236,1.0,-0.21355499443597914,-0.9661092169477828,-0.14500774213810444,
-0.6769694671201109,-0.051034238356658324,-0.6770098791989703,1.0,-0.21355499443597914,-0.9661092169477828,-0.14500774213810444,
-0.6769694671201109,-0.10078648122703504,-0.2886895917136587,1.0,-0.20135377996297588,-0.9787119560955164,-0.03974370755615635,
-0.9353754903850339,-0.059346070391624095,-1.9895177284734444e-05,1.0,-0.20135377996297588,-0.9787119560955164,-0.03974370755615635,
-0.8779337614941277,-0.057418103367880446,-0.33851457632598236,1.0,-0.20135377996297588,-0.9787119560955164,-0.03974370755615635,
-0.6769694671201109,-0.10078648122703504,0.2886491796347992,1.0,-0.19450542599531181,-0.9803332963793815,0.033380642119620225,
-0.9353754903850339,-0.059346070391624095,-1.9895177284734444e-05,1.0,-0.19450542599531181,-0.9803332963793815,0.033380642119620225,
-0.7070727355247042,-0.10464303699881239,-1.9895177284734444e-05,1.0,-0.19450542599531181,-0.9803332963793815,0.033380642119620225,
-0.5773188761711732,-0.0880187512045908,0.5773188761711732,1.0,-0.18435292191995026,-0.9770344483401269,0.10685357708696733,
-0.8779337614941277,-0.057418103367880446,0.338474785971413,1.0,-0.18435292191995026,-0.9770344483401269,0.10685357708696733,
-0.6769694671201109,-0.10078648122703504,0.2886491796347992,1.0,-0.18435292191995026,-0.9770344483401269,0.10685357708696733,
-0.6769694671201109,-0.051034238356658324,-0.6770098791989703,1.0,-0.5580281160872738,-0.747498781692197,-0.36034732276620196,
-0.9353754903850339,-0.014049725508725852,-0.3535665213904242,1.0,-0.5580281160872738,-0.747498781692197,-0.36034732276620196,
-0.7070727355247042,-0.014049725508725852,-0.7071125258792735,1.0,-0.5580281160872738,-0.747498781692197,-0.36034732276620196,
-0.8779337614941277,-0.057418103367880446,-0.33851457632598236,1.0,-0.5812713283785058,-0.8067517898453497,-0.1061847088163459,
-0.9999602096454306,-0.014049725508725852,-1.9895177284734444e-05,1.0,-0.5812713283785058,-0.8067517898453497,-0.1061847088163459,
-0.9353754903850339,-0.014049725508725852,-0.3535665213904242,1.0,-0.5812713283785058,-0.8067517898453497,-0.1061847088163459,
-0.8779337614941277,-0.057418103367880446,0.338474785971413,1.0,-0.5712327460780966,-0.8144786656224969,0.10157584877259758,
-0.9999602096454306,-0.014049725508725852,-1.9895177284734444e-05,1.0,-0.5712327460780966,-0.8144786656224969,0.10157584877259758,
-0.9353754903850339,-0.059346070391624095,-1.9895177284734444e-05,1.0,-0.5712327460780966,-0.8144786656224969,0.10157584877259758,
-0.6769694671201109,-0.051034238356658324,0.676970088844401,1.0,-0.5156152142581039,-0.7943768635384466,0.32110177436505993,
-0.9353754903850339,-0.014049725508725852,0.3535261093115647,1.0,-0.5156152142581039,-0.7943768635384466,0.32110177436505993,
-0.8779337614941277,-0.057418103367880446,0.338474785971413,1.0,-0.5156152142581039,-0.7943768635384466,0.32110177436505993,
-0.9353754903850339,-0.014049725508725852,-0.3535665213904242,1.0,-0.5580333575217387,0.7474932371256612,-0.3603507074287707,
-0.6769694671201109,0.02293540906349678,-0.6770098791989703,1.0,-0.5580333575217387,0.7474932371256612,-0.3603507074287707,
-0.7070727355247042,-0.014049725508725852,-0.7071125258792735,1.0,-0.5580333575217387,0.7474932371256612,-0.3603507074287707,
-0.9999602096454306,-0.014049725508725852,-1.9895177284734444e-05,1.0,-0.5812713283785058,0.8067517898453497,-0.1061847088163459,
-0.8779337614941277,0.029318652350428742,-0.33851457632598236,1.0,-0.5812713283785058,0.8067517898453497,-0.1061847088163459,
-0.9353754903850339,-0.014049725508725852,-0.3535665213904242,1.0,-0.5812713283785058,0.8067517898453497,-0.1061847088163459,
-0.9999602096454306,-0.014049725508725852,-1.9895177284734444e-05,1.0,-0.5712378641766732,0.8144747839009671,0.10157819116496239,
-0.8779337614941277,0.029318652350428742,0.338474785971413,1.0,-0.5712378641766732,0.8144747839009671,0.10157819116496239,
-0.9353754903850339,0.031247241098462553,-1.9895177284734444e-05,1.0,-0.5712378641766732,0.8144747839009671,0.10157819116496239,
-0.9353754903850339,-0.014049725508725852,0.3535261093115647,1.0,-0.5156156661923409,0.7943770500933577,0.3211005871405467,
-0.6769694671201109,0.02293540906349678,0.676970088844401,1.0,-0.5156156661923409,0.7943770500933577,0.3211005871405467,
-0.8779337614941277,0.029318652350428742,0.338474785971413,1.0,-0.5156156661923409,0.7943770500933577,0.3211005871405467,
-0.8779337614941277,0.029318652350428742,-0.33851457632598236,1.0,-0.2135560915762493,0.9661091432090193,-0.145006617637303,
-0.5773188761711732,0.05991992191142925,-0.5773586665257424,1.0,-0.2135560915762493,0.9661091432090193,-0.145006617637303,
-0.6769694671201109,0.02293540906349678,-0.6770098791989703,1.0,-0.2135560915762493,0.9661091432090193,-0.145006617637303,
-0.9353754903850339,0.031247241098462553,-1.9895177284734444e-05,1.0,-0.20135335580601976,0.9787119732775382,-0.03974543330801268,
-0.6769694671201109,0.07268703020958323,-0.2886895917136587,1.0,-0.20135335580601976,0.9787119732775382,-0.03974543330801268,
-0.8779337614941277,0.029318652350428742,-0.33851457632598236,1.0,-0.20135335580601976,0.9787119732775382,-0.03974543330801268,
-0.9353754903850339,0.031247241098462553,-1.9895177284734444e-05,1.0,-0.1945054122861335,0.9803332272832939,0.03338275117067244,
-0.6769694671201109,0.07268703020958323,0.2886491796347992,1.0,-0.1945054122861335,0.9803332272832939,0.03338275117067244,
-0.7070727355247042,0.07654420770565085,-1.9895177284734444e-05,1.0,-0.1945054122861335,0.9803332272832939,0.03338275117067244,
-0.8779337614941277,0.029318652350428742,0.338474785971413,1.0,-0.18435342436075527,0.9770345641419973,0.10685165135982147,
-0.5773188761711732,0.05991992191142925,0.5773188761711732,1.0,-0.18435342436075527,0.9770345641419973,0.10685165135982147,
-0.6769694671201109,0.07268703020958323,0.2886491796347992,1.0,-0.18435342436075527,0.9770345641419973,0.10685165135982147,
-0.5773188761711732,-0.0880187512045908,0.5773188761711732,1.0,-0.14500751469375958,-0.9661092894006511,0.21355482110247018,
-0.338474785971413,-0.057418103367880446,0.8779337614941278,1.0,-0.14500751469375958,-0.9661092894006511,0.21355482110247018,
-0.6769694671201109,-0.051034238356658324,0.676970088844401,1.0,-0.14500751469375958,-0.9661092894006511,0.21355482110247018,
-0.2886491796347992,-0.10078648122703504,0.676970088844401,1.0,-0.039744140052353424,-0.9787118619131193,0.20135415238344118,
1.9895177284734444e-05,-0.059346070391624095,0.9353761121093243,1.0,-0.039744140052353424,-0.9787118619131193,0.20135415238344118,
-0.338474785971413,-0.057418103367880446,0.8779337614941278,1.0,-0.039744140052353424,-0.9787118619131193,0.20135415238344118,
0.2886895917136587,-0.10078648122703504,0.676970088844401,1.0,0.033380100120126925,-0.9803334152483518,0.19450491989528887,
1.9895177284734444e-05,-0.059346070391624095,0.9353761121093243,1.0,0.033380100120126925,-0.9803334152483518,0.19450491989528887,
1.9895177284734444e-05,-0.10464303699881239,0.7070727355247044,1.0,0.033380100120126925,-0.9803334152483518,0.19450491989528887,
0.2886895917136587,-0.10078648122703504,0.676970088844401,1.0,0.9554440956001635,0.13008804495095133,-0.2649597719345805,
0.1234576574672197,-0.011261913791709932,0.1250983878689158,1.0,0.9554440956001635,0.13008804495095133,-0.2649597719345805,
0.3385151980502725,-0.057418103367880446,0.8779337614941278,1.0,0.9554440956001635,0.13008804495095133,-0.2649597719345805,
-0.6769694671201109,-0.051034238356658324,0.676970088844401,1.0,-0.36034844414710937,-0.7474973466009242,0.5580293143064579,
-0.3535261093115647,-0.014049725508725852,0.9353761121093243,1.0,-0.36034844414710937,-0.7474973466009242,0.5580293143064579,
-0.7070727355247042,-0.014049725508725852,0.7070727355247044,1.0,-0.36034844414710937,-0.7474973466009242,0.5580293143064579,
-0.338474785971413,-0.057418103367880446,0.8779337614941278,1.0,-0.10618332417882675,-0.8067541381563209,0.5812683220630436,
1.9895177284734444e-05,-0.014049725508725852,0.9999602096454305,1.0,-0.10618332417882675,-0.8067541381563209,0.5812683220630436,
-0.3535261093115647,-0.014049725508725852,0.9353761121093243,1.0,-0.10618332417882675,-0.8067541381563209,0.5812683220630436,
0.3385151980502725,-0.057418103367880446,0.8779337614941278,1.0,0.10157730697742241,-0.814475958595304,0.5712363465129604,
1.9895177284734444e-05,-0.014049725508725852,0.9999602096454305,1.0,0.10157730697742241,-0.814475958595304,0.5712363465129604,
1.9895177284734444e-05,-0.059346070391624095,0.9353761121093243,1.0,0.10157730697742241,-0.814475958595304,0.5712363465129604,
0.1234576574672197,-0.011261913791709932,0.1250983878689158,1.0,0.961613597849324,0.027846628358793597,-0.2729905744166378,
0.3535665213904242,-0.014049725508725852,0.9353761121093243,1.0,0.961613597849324,0.027846628358793597,-0.2729905744166378,
0.3385151980502725,-0.057418103367880446,0.8779337614941278,1.0,0.961613597849324,0.027846628358793597,-0.2729905744166378,
-0.3535261093115647,-0.014049725508725852,0.9353761121093243,1.0,-0.3603518288072149,0.7474918020180741,0.5580345557320516,
-0.6769694671201109,0.02293540906349678,0.676970088844401,1.0,-0.3603518288072149,0.7474918020180741,0.5580345557320516,
-0.7070727355247042,-0.014049725508725852,0.7070727355247044,1.0,-0.3603518288072149,0.7474918020180741,0.5580345557320516,
1.9895177284734444e-05,-0.014049725508725852,0.9999602096454305,1.0,-0.10618332417882677,0.806754138156321,0.5812683220630436,
-0.338474785971413,0.029318652350428742,0.8779337614941278,1.0,-0.10618332417882677,0.806754138156321,0.5812683220630436,
-0.3535261093115647,-0.014049725508725852,0.9353761121093243,1.0,-0.10618332417882677,0.806754138156321,0.5812683220630436,
1.9895177284734444e-05,-0.014049725508725852,0.9999602096454305,1.0,0.10157964936917718,0.81447207683629,0.5712414646084575,
0.3385151980502725,0.029318652350428742,0.8779337614941278,1.0,0.10157964936917718,0.81447207683629,0.5712414646084575,
1.9895177284734444e-05,0.031247241098462553,0.9353761121093243,1.0,0.10157964936917718,0.81447207683629,0.5712414646084575,
0.15356030414752286,0.02572259905622265,0.15520103454921874,1.0,0.9687415021315505,0.007794073161585659,-0.24794990314871834,
0.3385151980502725,0.029318652350428742,0.8779337614941278,1.0,0.9687415021315505,0.007794073161585659,-0.24794990314871834,
0.3535665213904242,-0.014049725508725852,0.9353761121093243,1.0,0.9687415021315505,0.007794073161585659,-0.24794990314871834,
-0.338474785971413,0.029318652350428742,0.8779337614941278,1.0,-0.1450063901854935,0.9661092156641723,0.21355591823719194,
-0.5773188761711732,0.05991992191142925,0.5773188761711732,1.0,-0.1450063901854935,0.9661092156641723,0.21355591823719194,
-0.6769694671201109,0.02293540906349678,0.676970088844401,1.0,-0.1450063901854935,0.9661092156641723,0.21355591823719194,
1.9895177284734444e-05,0.031247241098462553,0.9353761121093243,1.0,-0.03974586580224212,0.9787118790958577,0.20135372822047637,
-0.2886491796347992,0.07268703020958323,0.676970088844401,1.0,-0.03974586580224212,0.9787118790958577,0.20135372822047637,
-0.338474785971413,0.029318652350428742,0.8779337614941278,1.0,-0.03974586580224212,0.9787118790958577,0.20135372822047637,
1.9895177284734444e-05,0.031247241098462553,0.9353761121093243,1.0,0.0333822091669689,0.9803333461535181,0.19450490618639668,
0.2886895917136587,0.07268703020958323,0.676970088844401,1.0,0.0333822091669689,0.9803333461535181,0.19450490618639668,
1.9895177284734444e-05,0.07654420770565085,0.7070727355247044,1.0,0.0333822091669689,0.9803333461535181,0.19450490618639668,
0.1234576574672197,0.06270711190415512,0.1250983878689158,1.0,0.938356276560597,-0.20649663323332526,-0.2772122629008933,
0.2886895917136587,0.07268703020958323,0.676970088844401,1.0,0.938356276560597,-0.20649663323332526,-0.2772122629008933,
0.3385151980502725,0.029318652350428742,0.8779337614941278,1.0,0.938356276560597,-0.20649663323332526,-0.2772122629008933,
0.6770098791989705,-0.10078648122703504,0.2886491796347992,1.0,-0.29367011652942127,-0.7624027916285298,0.5766279961765826,
0.1234576574672197,-0.011261913791709932,0.1250983878689158,1.0,-0.29367011652942127,-0.7624027916285298,0.5766279961765826,
0.023806444793991632,-0.048246426639642404,0.025447175195687732,1.0,-0.29367011652942127,-0.7624027916285298,0.5766279961765826,
0.6770098791989705,-0.10078648122703504,0.2886491796347992,1.0,0.2013536669159419,-0.9787119801265264,0.039743688509221387,
0.9354159024638933,-0.059346070391624095,-1.9895177284734444e-05,1.0,0.2013536669159419,-0.9787119801265264,0.039743688509221387,
0.8779741735729876,-0.057418103367880446,0.338474785971413,1.0,0.2013536669159419,-0.9787119801265264,0.039743688509221387,
0.6770098791989705,-0.10078648122703504,-0.2886895917136587,1.0,0.1945054264620973,-0.9803332987320421,-0.03338057030594752,
0.9354159024638933,-0.059346070391624095,-1.9895177284734444e-05,1.0,0.1945054264620973,-0.9803332987320421,-0.03338057030594752,
0.7071131476035637,-0.10464303699881239,-1.9895177284734444e-05,1.0,0.1945054264620973,-0.9803332987320421,-0.03338057030594752,
0.5773586665257424,-0.0880187512045908,-0.5773586665257424,1.0,0.18435306425922413,-0.9770343480012331,-0.1068542489751334,
0.8779741735729876,-0.057418103367880446,-0.33851457632598236,1.0,0.18435306425922413,-0.9770343480012331,-0.1068542489751334,
0.6770098791989705,-0.10078648122703504,-0.2886895917136587,1.0,0.18435306425922413,-0.9770343480012331,-0.1068542489751334,
0.1234576574672197,-0.011261913791709932,0.1250983878689158,1.0,-0.2377224825710247,-0.48941475261231887,0.8390239693868654,
0.9354159024638933,-0.014049725508725852,0.3535261093115647,1.0,-0.2377224825710247,-0.48941475261231887,0.8390239693868654,
0.15356030414752286,0.02572259905622265,0.15520103454921874,1.0,-0.2377224825710247,-0.48941475261231887,0.8390239693868654,
0.8779741735729876,-0.057418103367880446,0.338474785971413,1.0,0.5812722297638676,-0.8067512286791554,0.10618403801897264,
1.0,-0.014049725508725852,-1.9895177284734444e-05,1.0,0.5812722297638676,-0.8067512286791554,0.10618403801897264,
0.9354159024638933,-0.014049725508725852,0.3535261093115647,1.0,0.5812722297638676,-0.8067512286791554,0.10618403801897264,
0.8779741735729876,-0.057418103367880446,-0.33851457632598236,1.0,0.5712363965670297,-0.8144760299630304,-0.10157645323979378,
1.0,-0.014049725508725852,-1.9895177284734444e-05,1.0,0.5712363965670297,-0.8144760299630304,-0.10157645323979378,
0.9354159024638933,-0.059346070391624095,-1.9895177284734444e-05,1.0,0.5712363965670297,-0.8144760299630304,-0.10157645323979378,
0.6770098791989705,-0.051034238356658324,-0.6770098791989703,1.0,0.5156133019017828,-0.7943785508802017,-0.3211006708236715,
0.9354159024638933,-0.014049725508725852,-0.3535665213904242,1.0,0.5156133019017828,-0.7943785508802017,-0.3211006708236715,
0.8779741735729876,-0.057418103367880446,-0.33851457632598236,1.0,0.5156133019017828,-0.7943785508802017,-0.3211006708236715,
0.15356030414752286,0.02572259905622265,0.15520103454921874,1.0,-0.2139122074975625,0.5059980424947447,0.8355881452456145,
0.8779741735729876,0.029318652350428742,0.338474785971413,1.0,-0.2139122074975625,0.5059980424947447,0.8355881452456145,
0.1234576574672197,0.06270711190415512,0.1250983878689158,1.0,-0.2139122074975625,0.5059980424947447,0.8355881452456145,
1.0,-0.014049725508725852,-1.9895177284734444e-05,1.0,0.5812722297638675,0.8067512286791554,0.10618403801897264,
0.8779741735729876,0.029318652350428742,0.338474785971413,1.0,0.5812722297638675,0.8067512286791554,0.10618403801897264,
0.9354159024638933,-0.014049725508725852,0.3535261093115647,1.0,0.5812722297638675,0.8067512286791554,0.10618403801897264,
1.0,-0.014049725508725852,-1.9895177284734444e-05,1.0,0.5712415146644252,0.8144721482057437,-0.10157879562691342,
0.8779741735729876,0.029318652350428742,-0.33851457632598236,1.0,0.5712415146644252,0.8144721482057437,-0.10157879562691342,
0.9354159024638933,0.031247241098462553,-1.9895177284734444e-05,1.0,0.5712415146644252,0.8144721482057437,-0.10157879562691342,
0.9354159024638933,-0.014049725508725852,-0.3535665213904242,1.0,0.5156137538436579,0.7943787374286663,-0.32109948360047225,
0.6770098791989705,0.02293540906349678,-0.6770098791989703,1.0,0.5156137538436579,0.7943787374286663,-0.32109948360047225,
0.8779741735729876,0.029318652350428742,-0.33851457632598236,1.0,0.5156137538436579,0.7943787374286663,-0.32109948360047225,
0.1234576574672197,0.06270711190415512,0.1250983878689158,1.0,-0.156680294927132,0.8645242437706194,0.47754488492118263,
0.6770098791989705,0.07268703020958323,0.2886491796347992,1.0,-0.156680294927132,0.8645242437706194,0.47754488492118263,
0.023806444793991632,0.09969224647637764,0.025447175195687732,1.0,-0.156680294927132,0.8645242437706194,0.47754488492118263,
0.9354159024638933,0.031247241098462553,-1.9895177284734444e-05,1.0,0.20135324275406352,0.9787119973095767,0.03974541426029244,
0.6770098791989705,0.07268703020958323,0.2886491796347992,1.0,0.20135324275406352,0.9787119973095767,0.03974541426029244,
0.8779741735729876,0.029318652350428742,0.338474785971413,1.0,0.20135324275406352,0.9787119973095767,0.03974541426029244,
0.9354159024638933,0.031247241098462553,-1.9895177284734444e-05,1.0,0.19450541275297786,0.9803332296362515,-0.03338267935247252,
0.6770098791989705,0.07268703020958323,-0.2886895917136587,1.0,0.19450541275297786,0.9803332296362515,-0.03338267935247252,
0.7071131476035637,0.07654420770565085,-1.9895177284734444e-05,1.0,0.19450541275297786,0.9803332296362515,-0.03338267935247252,
0.8779741735729876,0.029318652350428742,-0.33851457632598236,1.0,0.1843535666956728,0.9770344638056522,-0.10685232324374712,
0.5773586665257424,0.05991992191142925,-0.5773586665257424,1.0,0.1843535666956728,0.9770344638056522,-0.10685232324374712,
0.6770098791989705,0.07268703020958323,-0.2886895917136587,1.0,0.1843535666956728,0.9770344638056522,-0.10685232324374712,
0.023806444793991632,-0.048246426639642404,0.025447175195687732,1.0,-0.37617100507181794,-0.03932301000218676,0.9257154399855423,
0.02092599615774393,-0.10486437084610456,0.021871638803056426,1.0,-0.37617100507181794,-0.03932301000218676,0.9257154399855423,
0.6770098791989705,-0.10078648122703504,0.2886491796347992,1.0,-0.37617100507181794,-0.03932301000218676,0.9257154399855423,
0.2886895917136587,-0.10078648122703504,0.676970088844401,1.0,0.19438677644071745,-0.9781776265134803,-0.07336424288058031,
1.9895177284734444e-05,-0.1338932996773251,0.3535261093115647,1.0,0.19438677644071745,-0.9781776265134803,-0.07336424288058031,
0.02092599615774393,-0.10486437084610456,0.021871638803056426,1.0,0.19438677644071745,-0.9781776265134803,-0.07336424288058031,
-0.2886491796347992,-0.10078648122703504,0.676970088844401,1.0,-0.021907206642790323,-0.9963558531357277,0.08243232508722648,
1.9895177284734444e-05,-0.1338932996773251,0.3535261093115647,1.0,-0.021907206642790323,-0.9963558531357277,0.08243232508722648,
1.9895177284734444e-05,-0.10464303699881239,0.7070727355247044,1.0,-0.021907206642790323,-0.9963558531357277,0.08243232508722648,
-0.5773188761711732,-0.0880187512045908,0.5773188761711732,1.0,-0.07378007169838968,-0.9935220263444997,0.08643196277130424,
-0.338474785971413,-0.1265339492548635,0.338474785971413,1.0,-0.07378007169838968,-0.9935220263444997,0.08643196277130424,
-0.2886491796347992,-0.10078648122703504,0.676970088844401,1.0,-0.07378007169838968,-0.9935220263444997,0.08643196277130424,
0.6770098791989705,-0.10078648122703504,0.2886491796347992,1.0,0.0824323247666133,-0.9963558492604898,0.021907384097137425,
0.3535665213904242,-0.1338932996773251,-1.9895177284734444e-05,1.0,0.0824323247666133,-0.9963558492604898,0.021907384097137425,
0.7071131476035637,-0.10464303699881239,-1.9895177284734444e-05,1.0,0.0824323247666133,-0.9963558492604898,0.021907384097137425,
0.02092599615774393,-0.10486437084610456,0.021871638803056426,1.0,0.011961351020365643,-0.5110738646394216,0.8594535653334006,
1.9895177284734444e-05,-0.14216782825488206,-1.9895177284734444e-05,1.0,0.011961351020365643,-0.5110738646394216,0.8594535653334006,
0.3535665213904242,-0.1338932996773251,-1.9895177284734444e-05,1.0,0.011961351020365643,-0.5110738646394216,0.8594535653334006,
-0.338474785971413,-0.1265339492548635,0.338474785971413,1.0,-0.02276995133516157,-0.9994670317583225,0.023391916219126986,
1.9895177284734444e-05,-0.14216782825488206,-1.9895177284734444e-05,1.0,-0.02276995133516157,-0.9994670317583225,0.023391916219126986,
1.9895177284734444e-05,-0.1338932996773251,0.3535261093115647,1.0,-0.02276995133516157,-0.9994670317583225,0.023391916219126986,
-0.6769694671201109,-0.10078648122703504,0.2886491796347992,1.0,-0.07950910711983582,-0.9965155335121032,0.025201058590760887,
-0.3535261093115647,-0.1338932996773251,-1.9895177284734444e-05,1.0,-0.07950910711983582,-0.9965155335121032,0.025201058590760887,
-0.338474785971413,-0.1265339492548635,0.338474785971413,1.0,-0.07950910711983582,-0.9965155335121032,0.025201058590760887,
0.3535665213904242,-0.1338932996773251,-1.9895177284734444e-05,1.0,0.08243232485182019,-0.9963558502903819,-0.021907336936607073,
0.6770098791989705,-0.10078648122703504,-0.2886895917136587,1.0,0.08243232485182019,-0.9963558502903819,-0.021907336936607073,
0.7071131476035637,-0.10464303699881239,-1.9895177284734444e-05,1.0,0.08243232485182019,-0.9963558502903819,-0.021907336936607073,
1.9895177284734444e-05,-0.14216782825488206,-1.9895177284734444e-05,1.0,0.0233918751070949,-0.999467032761674,-0.022769949528910233,
0.3385151980502725,-0.1265339492548635,-0.33851457632598236,1.0,0.0233918751070949,-0.999467032761674,-0.022769949528910233,
0.3535665213904242,-0.1338932996773251,-1.9895177284734444e-05,1.0,0.0233918751070949,-0.999467032761674,-0.022769949528910233,
1.9895177284734444e-05,-0.14216782825488206,-1.9895177284734444e-05,1.0,-0.022769992471258986,-0.9994670317838921,-0.023391875084210544,
-0.338474785971413,-0.1265339492548635,-0.33851457632598236,1.0,-0.022769992471258986,-0.9994670317838921,-0.023391875084210544,
1.9895177284734444e-05,-0.1338932996773251,-0.3535665213904242,1.0,-0.022769992471258986,-0.9994670317838921,-0.023391875084210544,
-0.3535261093115647,-0.1338932996773251,-1.9895177284734444e-05,1.0,-0.07950906082596516,-0.9965155372557556,-0.025201056613674687,
-0.6769694671201109,-0.10078648122703504,-0.2886895917136587,1.0,-0.07950906082596516,-0.9965155372557556,-0.025201056613674687,
-0.338474785971413,-0.1265339492548635,-0.33851457632598236,1.0,-0.07950906082596516,-0.9965155372557556,-0.025201056613674687,
0.3385151980502725,-0.1265339492548635,-0.33851457632598236,1.0,0.0864320104072618,-0.9935220092349472,-0.07378024629067516,
0.5773586665257424,-0.0880187512045908,-0.5773586665257424,1.0,0.0864320104072618,-0.9935220092349472,-0.07378024629067516,
0.6770098791989705,-0.10078648122703504,-0.2886895917136587,1.0,0.0864320104072618,-0.9935220092349472,-0.07378024629067516,
1.9895177284734444e-05,-0.1338932996773251,-0.3535665213904242,1.0,0.025201152665840436,-0.9965155416307262,-0.07950897554825732,
0.2886895917136587,-0.10078648122703504,-0.6770098791989703,1.0,0.025201152665840436,-0.9965155416307262,-0.07950897554825732,
0.3385151980502725,-0.1265339492548635,-0.33851457632598236,1.0,0.025201152665840436,-0.9965155416307262,-0.07950897554825732,
1.9895177284734444e-05,-0.1338932996773251,-0.3535665213904242,1.0,-0.02190722149034785,-0.9963558408998825,-0.08243246903533079,
-0.2886491796347992,-0.10078648122703504,-0.6770098791989703,1.0,-0.02190722149034785,-0.9963558408998825,-0.08243246903533079,
1.9895177284734444e-05,-0.10464303699881239,-0.7071125258792735,1.0,-0.02190722149034785,-0.9963558408998825,-0.08243246903533079,
-0.338474785971413,-0.1265339492548635,-0.33851457632598236,1.0,-0.0737800716983897,-0.9935220263444996,-0.08643196277130427,
-0.5773188761711732,-0.0880187512045908,-0.5773586665257424,1.0,-0.0737800716983897,-0.9935220263444996,-0.08643196277130427,
-0.2886491796347992,-0.10078648122703504,-0.6770098791989703,1.0,-0.0737800716983897,-0.9935220263444996,-0.08643196277130427,
0.5773586665257424,0.05991992191142925,-0.5773586665257424,1.0,0.08643359935950021,0.9935219892374408,-0.0737786541178411,
0.3385151980502725,0.09843511996170173,-0.33851457632598236,1.0,0.08643359935950021,0.9935219892374408,-0.0737786541178411,
0.6770098791989705,0.07268703020958323,-0.2886895917136587,1.0,0.08643359935950021,0.9935219892374408,-0.0737786541178411,
0.2886895917136587,0.07268703020958323,-0.6770098791989703,1.0,0.025201230848032833,0.9965153935956181,-0.07951080612542126,
1.9895177284734444e-05,0.10579447038416356,-0.3535665213904242,1.0,0.025201230848032833,0.9965153935956181,-0.07951080612542126,
0.3385151980502725,0.09843511996170173,-0.33851457632598236,1.0,0.025201230848032833,0.9965153935956181,-0.07951080612542126,
-0.2886491796347992,0.07268703020958323,-0.6770098791989703,1.0,-0.021909366372996814,0.9963557940579229,-0.08243246515990975,
1.9895177284734444e-05,0.10579447038416356,-0.3535665213904242,1.0,-0.021909366372996814,0.9963557940579229,-0.08243246515990975,
1.9895177284734444e-05,0.07654420770565085,-0.7071125258792735,1.0,-0.021909366372996814,0.9963557940579229,-0.08243246515990975,
-0.5773188761711732,0.05991992191142925,-0.5773586665257424,1.0,-0.07377847952702878,0.9935220063471661,-0.08643355171796122,
-0.338474785971413,0.09843511996170173,-0.33851457632598236,1.0,-0.07377847952702878,0.9935220063471661,-0.08643355171796122,
-0.2886491796347992,0.07268703020958323,-0.6770098791989703,1.0,-0.07377847952702878,0.9935220063471661,-0.08643355171796122,
0.6770098791989705,0.07268703020958323,-0.2886895917136587,1.0,0.08243232097639383,0.9963558034482755,-0.02190948181464587,
0.3535665213904242,0.10579447038416356,-1.9895177284734444e-05,1.0,0.08243232097639383,0.9963558034482755,-0.02190948181464587,
0.7071131476035637,0.07654420770565085,-1.9895177284734444e-05,1.0,0.08243232097639383,0.9963558034482755,-0.02190948181464587,
0.3385151980502725,0.09843511996170173,-0.33851457632598236,1.0,0.023391875107094888,0.9994670327616739,-0.022769949528910885,
1.9895177284734444e-05,0.11406899896172051,-1.9895177284734444e-05,1.0,0.023391875107094888,0.9994670327616739,-0.022769949528910885,
0.3535665213904242,0.10579447038416356,-1.9895177284734444e-05,1.0,0.023391875107094888,0.9994670327616739,-0.022769949528910885,
-0.338474785971413,0.09843511996170173,-0.33851457632598236,1.0,-0.022769992471259645,0.999467031783892,-0.02339187508421054,
1.9895177284734444e-05,0.11406899896172051,-1.9895177284734444e-05,1.0,-0.022769992471259645,0.999467031783892,-0.02339187508421054,
1.9895177284734444e-05,0.10579447038416356,-0.3535665213904242,1.0,-0.022769992471259645,0.999467031783892,-0.02339187508421054,
-0.6769694671201109,0.07268703020958323,-0.2886895917136587,1.0,-0.07951089140586094,0.9965153892203584,-0.02520113479276359,
-0.3535261093115647,0.10579447038416356,-1.9895177284734444e-05,1.0,-0.07951089140586094,0.9965153892203584,-0.02520113479276359,
-0.338474785971413,0.09843511996170173,-0.33851457632598236,1.0,-0.07951089140586094,0.9965153892203584,-0.02520113479276359,
0.3535665213904242,0.10579447038416356,-1.9895177284734444e-05,1.0,0.08243232089117022,0.9963558024181818,0.0219095289797891,
0.6770098791989705,0.07268703020958323,0.2886491796347992,1.0,0.08243232089117022,0.9963558024181818,0.0219095289797891,
0.7071131476035637,0.07654420770565085,-1.9895177284734444e-05,1.0,0.08243232089117022,0.9963558024181818,0.0219095289797891,
1.9895177284734444e-05,0.11406899896172051,-1.9895177284734444e-05,1.0,0.02242377488144581,0.9581029157118218,-0.2855450528805778,
0.02092599615774393,0.12010407664617051,0.021871638803056426,1.0,0.02242377488144581,0.9581029157118218,-0.2855450528805778,
0.3535665213904242,0.10579447038416356,-1.9895177284734444e-05,1.0,0.02242377488144581,0.9581029157118218,-0.2855450528805778,
1.9895177284734444e-05,0.11406899896172051,-1.9895177284734444e-05,1.0,-0.022769951335162224,0.9994670317583225,0.023391916219126986,
-0.338474785971413,0.09843511996170173,0.338474785971413,1.0,-0.022769951335162224,0.9994670317583225,0.023391916219126986,
1.9895177284734444e-05,0.10579447038416356,0.3535261093115647,1.0,-0.022769951335162224,0.9994670317583225,0.023391916219126986,
-0.3535261093115647,0.10579447038416356,-1.9895177284734444e-05,1.0,-0.0795109376998615,0.9965153854766097,0.02520113676985347,
-0.6769694671201109,0.07268703020958323,0.2886491796347992,1.0,-0.0795109376998615,0.9965153854766097,0.02520113676985347,
-0.338474785971413,0.09843511996170173,0.338474785971413,1.0,-0.0795109376998615,0.9965153854766097,0.02520113676985347,
1.9895177284734444e-05,0.10579447038416356,0.3535261093115647,1.0,0.061782439981996534,0.9969866218240329,0.04691061728195212,
0.2886895917136587,0.07268703020958323,0.676970088844401,1.0,0.061782439981996534,0.9969866218240329,0.04691061728195212,
0.02092599615774393,0.12010407664617051,0.021871638803056426,1.0,0.061782439981996534,0.9969866218240329,0.04691061728195212,
1.9895177284734444e-05,0.10579447038416356,0.3535261093115647,1.0,-0.021909351525467035,0.9963558062937987,0.08243232121181478,
-0.2886491796347992,0.07268703020958323,0.676970088844401,1.0,-0.021909351525467035,0.9963558062937987,0.08243232121181478,
1.9895177284734444e-05,0.07654420770565085,0.7070727355247044,1.0,-0.021909351525467035,0.9963558062937987,0.08243232121181478,
-0.338474785971413,0.09843511996170173,0.338474785971413,1.0,-0.07377847952702878,0.9935220063471661,0.08643355171796119,
-0.5773188761711732,0.05991992191142925,0.5773188761711732,1.0,-0.07377847952702878,0.9935220063471661,0.08643355171796119,
-0.2886491796347992,0.07268703020958323,0.676970088844401,1.0,-0.07377847952702878,0.9935220063471661,0.08643355171796119,
0.5773586665257424,-0.0880187512045908,-0.5773586665257424,1.0,0.1068543199956321,-0.9770343002610695,-0.1843532761076767,
0.2886895917136587,-0.10078648122703504,-0.6770098791989703,1.0,0.1068543199956321,-0.9770343002610695,-0.1843532761076767,
0.3385151980502725,-0.057418103367880446,-0.8779735518486971,1.0,0.1068543199956321,-0.9770343002610695,-0.1843532761076767,
0.2886895917136587,-0.10078648122703504,-0.6770098791989703,1.0,0.03338010012012688,-0.980333415248352,-0.19450491989528898,
1.9895177284734444e-05,-0.10464303699881239,-0.7071125258792735,1.0,0.03338010012012688,-0.980333415248352,-0.19450491989528898,
1.9895177284734444e-05,-0.059346070391624095,-0.9354159024638933,1.0,0.03338010012012688,-0.980333415248352,-0.19450491989528898,
-0.2886491796347992,-0.10078648122703504,-0.6770098791989703,1.0,-0.0397441400523533,-0.9787118619131193,-0.20135415238344123,
-0.338474785971413,-0.057418103367880446,-0.8779735518486971,1.0,-0.0397441400523533,-0.9787118619131193,-0.20135415238344123,
1.9895177284734444e-05,-0.059346070391624095,-0.9354159024638933,1.0,-0.0397441400523533,-0.9787118619131193,-0.20135415238344123,
-0.5773188761711732,-0.0880187512045908,-0.5773586665257424,1.0,-0.14500751469375958,-0.9661092894006511,-0.21355482110247018,
-0.6769694671201109,-0.051034238356658324,-0.6770098791989703,1.0,-0.14500751469375958,-0.9661092894006511,-0.21355482110247018,
-0.338474785971413,-0.057418103367880446,-0.8779735518486971,1.0,-0.14500751469375958,-0.9661092894006511,-0.21355482110247018,
0.6770098791989705,-0.051034238356658324,-0.6770098791989703,1.0,0.32109971162969136,-0.7943796186900282,-0.5156122541224312,
0.3385151980502725,-0.057418103367880446,-0.8779735518486971,1.0,0.32109971162969136,-0.7943796186900282,-0.5156122541224312,
0.3535665213904242,-0.014049725508725852,-0.9354159024638933,1.0,0.32109971162969136,-0.7943796186900282,-0.5156122541224312,
0.3385151980502725,-0.057418103367880446,-0.8779735518486971,1.0,0.10157730697742161,-0.814475958595306,-0.5712363465129578,
1.9895177284734444e-05,-0.059346070391624095,-0.9354159024638933,1.0,0.10157730697742161,-0.814475958595306,-0.5712363465129578,
1.9895177284734444e-05,-0.014049725508725852,-1.0,1.0,0.10157730697742161,-0.814475958595306,-0.5712363465129578,
-0.338474785971413,-0.057418103367880446,-0.8779735518486971,1.0,-0.10618332417882773,-0.8067541381563199,-0.5812683220630448,
-0.3535261093115647,-0.014049725508725852,-0.9354159024638933,1.0,-0.10618332417882773,-0.8067541381563199,-0.5812683220630448,
1.9895177284734444e-05,-0.014049725508725852,-1.0,1.0,-0.10618332417882773,-0.8067541381563199,-0.5812683220630448,
-0.6769694671201109,-0.051034238356658324,-0.6770098791989703,1.0,-0.3603484441471098,-0.7474973466009233,-0.5580293143064587,
-0.7070727355247042,-0.014049725508725852,-0.7071125258792735,1.0,-0.3603484441471098,-0.7474973466009233,-0.5580293143064587,
-0.3535261093115647,-0.014049725508725852,-0.9354159024638933,1.0,-0.3603484441471098,-0.7474973466009233,-0.5580293143064587,
0.3535665213904242,-0.014049725508725852,-0.9354159024638933,1.0,0.3210985243965355,0.7943798052470552,-0.5156127060556384,
0.3385151980502725,0.029318652350428742,-0.8779735518486971,1.0,0.3210985243965355,0.7943798052470552,-0.5156127060556384,
0.6770098791989705,0.02293540906349678,-0.6770098791989703,1.0,0.3210985243965355,0.7943798052470552,-0.5156127060556384,
1.9895177284734444e-05,-0.014049725508725852,-1.0,1.0,0.10157964936917636,0.8144720768362919,-0.5712414646084548,
1.9895177284734444e-05,0.031247241098462553,-0.9354159024638933,1.0,0.10157964936917636,0.8144720768362919,-0.5712414646084548,
0.3385151980502725,0.029318652350428742,-0.8779735518486971,1.0,0.10157964936917636,0.8144720768362919,-0.5712414646084548,
1.9895177284734444e-05,-0.014049725508725852,-1.0,1.0,-0.10618332417882773,0.8067541381563199,-0.5812683220630448,
-0.3535261093115647,-0.014049725508725852,-0.9354159024638933,1.0,-0.10618332417882773,0.8067541381563199,-0.5812683220630448,
-0.338474785971413,0.029318652350428742,-0.8779735518486971,1.0,-0.10618332417882773,0.8067541381563199,-0.5812683220630448,
-0.3535261093115647,-0.014049725508725852,-0.9354159024638933,1.0,-0.36035182880721517,0.7474918020180733,-0.5580345557320524,
-0.7070727355247042,-0.014049725508725852,-0.7071125258792735,1.0,-0.36035182880721517,0.7474918020180733,-0.5580345557320524,
-0.6769694671201109,0.02293540906349678,-0.6770098791989703,1.0,-0.36035182880721517,0.7474918020180733,-0.5580345557320524,
0.3385151980502725,0.029318652350428742,-0.8779735518486971,1.0,0.10685239426656891,0.9770344160640221,-0.18435377855074506,
0.2886895917136587,0.07268703020958323,-0.6770098791989703,1.0,0.10685239426656891,0.9770344160640221,-0.18435377855074506,
0.5773586665257424,0.05991992191142925,-0.5773586665257424,1.0,0.10685239426656891,0.9770344160640221,-0.18435377855074506,
1.9895177284734444e-05,0.031247241098462553,-0.9354159024638933,1.0,0.03338220916696883,0.9803333461535181,-0.19450490618639676,
1.9895177284734444e-05,0.07654420770565085,-0.7071125258792735,1.0,0.03338220916696883,0.9803333461535181,-0.19450490618639676,
0.2886895917136587,0.07268703020958323,-0.6770098791989703,1.0,0.03338220916696883,0.9803333461535181,-0.19450490618639676,
1.9895177284734444e-05,0.031247241098462553,-0.9354159024638933,1.0,-0.039745865802241986,0.9787118790958577,-0.20135372822047642,
-0.338474785971413,0.029318652350428742,-0.8779735518486971,1.0,-0.039745865802241986,0.9787118790958577,-0.20135372822047642,
-0.2886491796347992,0.07268703020958323,-0.6770098791989703,1.0,-0.039745865802241986,0.9787118790958577,-0.20135372822047642,
-0.338474785971413,0.029318652350428742,-0.8779735518486971,1.0,-0.1450063901854935,0.9661092156641723,-0.21355591823719197,
-0.6769694671201109,0.02293540906349678,-0.6770098791989703,1.0,-0.1450063901854935,0.9661092156641723,-0.21355591823719197,
-0.5773188761711732,0.05991992191142925,-0.5773586665257424,1.0,-0.1450063901854935,0.9661092156641723,-0.21355591823719197,
-0.5773188761711732,-0.0880187512045908,-0.5773586665257424,1.0,-0.18435315906222752,-0.9770343698522542,-0.10685388561575773,
-0.6769694671201109,-0.10078648122703504,-0.2886895917136587,1.0,-0.18435315906222752,-0.9770343698522542,-0.10685388561575773,
-0.8779337614941277,-0.057418103367880446,-0.33851457632598236,1.0,-0.18435315906222752,-0.9770343698522542,-0.10685388561575773,
-0.6769694671201109,-0.10078648122703504,-0.2886895917136587,1.0,-0.1945054264620972,-0.9803332987320422,-0.033380570305947585,
-0.7070727355247042,-0.10464303699881239,-1.9895177284734444e-05,1.0,-0.1945054264620972,-0.9803332987320422,-0.033380570305947585,
-0.9353754903850339,-0.059346070391624095,-1.9895177284734444e-05,1.0,-0.1945054264620972,-0.9803332987320422,-0.033380570305947585,
-0.6769694671201109,-0.10078648122703504,0.2886491796347992,1.0,-0.201353666915942,-0.9787119801265263,0.03974368850922167,
-0.8779337614941277,-0.057418103367880446,0.338474785971413,1.0,-0.201353666915942,-0.9787119801265263,0.03974368850922167,
-0.9353754903850339,-0.059346070391624095,-1.9895177284734444e-05,1.0,-0.201353666915942,-0.9787119801265263,0.03974368850922167,
-0.5773188761711732,-0.0880187512045908,0.5773188761711732,1.0,-0.2135549944359791,-0.9661092169477827,0.14500774213810438,
-0.6769694671201109,-0.051034238356658324,0.676970088844401,1.0,-0.2135549944359791,-0.9661092169477827,0.14500774213810438,
-0.8779337614941277,-0.057418103367880446,0.338474785971413,1.0,-0.2135549944359791,-0.9661092169477827,0.14500774213810438,
-0.6769694671201109,-0.051034238356658324,-0.6770098791989703,1.0,-0.5156133019017807,-0.7943785508802036,-0.32110067082366994,
-0.8779337614941277,-0.057418103367880446,-0.33851457632598236,1.0,-0.5156133019017807,-0.7943785508802036,-0.32110067082366994,
-0.9353754903850339,-0.014049725508725852,-0.3535665213904242,1.0,-0.5156133019017807,-0.7943785508802036,-0.32110067082366994,
-0.8779337614941277,-0.057418103367880446,-0.33851457632598236,1.0,-0.5712327460780966,-0.814478665622497,-0.10157584877259762,
-0.9353754903850339,-0.059346070391624095,-1.9895177284734444e-05,1.0,-0.5712327460780966,-0.814478665622497,-0.10157584877259762,
-0.9999602096454306,-0.014049725508725852,-1.9895177284734444e-05,1.0,-0.5712327460780966,-0.814478665622497,-0.10157584877259762,
-0.8779337614941277,-0.057418103367880446,0.338474785971413,1.0,-0.5812720003109848,-0.8067512649786255,0.10618501829285484,
-0.9353754903850339,-0.014049725508725852,0.3535261093115647,1.0,-0.5812720003109848,-0.8067512649786255,0.10618501829285484,
-0.9999602096454306,-0.014049725508725852,-1.9895177284734444e-05,1.0,-0.5812720003109848,-0.8067512649786255,0.10618501829285484,
-0.6769694671201109,-0.051034238356658324,0.676970088844401,1.0,-0.5580284586522863,-0.747498724798715,0.3603469102940225,
-0.7070727355247042,-0.014049725508725852,0.7070727355247044,1.0,-0.5580284586522863,-0.747498724798715,0.3603469102940225,
-0.9353754903850339,-0.014049725508725852,0.3535261093115647,1.0,-0.5580284586522863,-0.747498724798715,0.3603469102940225,
-0.9353754903850339,-0.014049725508725852,-0.3535665213904242,1.0,-0.5156137538436558,0.7943787374286682,-0.32109948360047075,
-0.8779337614941277,0.029318652350428742,-0.33851457632598236,1.0,-0.5156137538436558,0.7943787374286682,-0.32109948360047075,
-0.6769694671201109,0.02293540906349678,-0.6770098791989703,1.0,-0.5156137538436558,0.7943787374286682,-0.32109948360047075,
-0.9999602096454306,-0.014049725508725852,-1.9895177284734444e-05,1.0,-0.5712378641766732,0.8144747839009671,-0.10157819116496242,
-0.9353754903850339,0.031247241098462553,-1.9895177284734444e-05,1.0,-0.5712378641766732,0.8144747839009671,-0.10157819116496242,
-0.8779337614941277,0.029318652350428742,-0.33851457632598236,1.0,-0.5712378641766732,0.8144747839009671,-0.10157819116496242,
-0.9999602096454306,-0.014049725508725852,-1.9895177284734444e-05,1.0,-0.5812720003109848,0.8067512649786255,0.10618501829285484,
-0.9353754903850339,-0.014049725508725852,0.3535261093115647,1.0,-0.5812720003109848,0.8067512649786255,0.10618501829285484,
-0.8779337614941277,0.029318652350428742,0.338474785971413,1.0,-0.5812720003109848,0.8067512649786255,0.10618501829285484,
-0.9353754903850339,-0.014049725508725852,0.3535261093115647,1.0,-0.5580337000891711,0.7474931802315323,0.3603502949522019,
-0.7070727355247042,-0.014049725508725852,0.7070727355247044,1.0,-0.5580337000891711,0.7474931802315323,0.3603502949522019,
-0.6769694671201109,0.02293540906349678,0.676970088844401,1.0,-0.5580337000891711,0.7474931802315323,0.3603502949522019,
-0.8779337614941277,0.029318652350428742,-0.33851457632598236,1.0,-0.18435366149880758,0.9770344856560028,-0.10685195988325794,
-0.6769694671201109,0.07268703020958323,-0.2886895917136587,1.0,-0.18435366149880758,0.9770344856560028,-0.10685195988325794,
-0.5773188761711732,0.05991992191142925,-0.5773586665257424,1.0,-0.18435366149880758,0.9770344856560028,-0.10685195988325794,
-0.9353754903850339,0.031247241098462553,-1.9895177284734444e-05,1.0,-0.19450541275297784,0.9803332296362515,-0.03338267935247259,
-0.7070727355247042,0.07654420770565085,-1.9895177284734444e-05,1.0,-0.19450541275297784,0.9803332296362515,-0.03338267935247259,
-0.6769694671201109,0.07268703020958323,-0.2886895917136587,1.0,-0.19450541275297784,0.9803332296362515,-0.03338267935247259,
-0.9353754903850339,0.031247241098462553,-1.9895177284734444e-05,1.0,-0.20135324275406363,0.9787119973095767,0.039745414260292704,
-0.8779337614941277,0.029318652350428742,0.338474785971413,1.0,-0.20135324275406363,0.9787119973095767,0.039745414260292704,
-0.6769694671201109,0.07268703020958323,0.2886491796347992,1.0,-0.20135324275406363,0.9787119973095767,0.039745414260292704,
-0.8779337614941277,0.029318652350428742,0.338474785971413,1.0,-0.21355609157624933,0.9661091432090194,0.14500661763730296,
-0.6769694671201109,0.02293540906349678,0.676970088844401,1.0,-0.21355609157624933,0.9661091432090194,0.14500661763730296,
-0.5773188761711732,0.05991992191142925,0.5773188761711732,1.0,-0.21355609157624933,0.9661091432090194,0.14500661763730296,
-0.5773188761711732,-0.0880187512045908,0.5773188761711732,1.0,-0.1068541093868343,-0.9770343129261361,0.18435333105777937,
-0.2886491796347992,-0.10078648122703504,0.676970088844401,1.0,-0.1068541093868343,-0.9770343129261361,0.18435333105777937,
-0.338474785971413,-0.057418103367880446,0.8779337614941278,1.0,-0.1068541093868343,-0.9770343129261361,0.18435333105777937,
-0.2886491796347992,-0.10078648122703504,0.676970088844401,1.0,-0.033380171932790303,-0.9803334128957572,0.19450491942851786,
1.9895177284734444e-05,-0.10464303699881239,0.7070727355247044,1.0,-0.033380171932790303,-0.9803334128957572,0.19450491942851786,
1.9895177284734444e-05,-0.059346070391624095,0.9353761121093243,1.0,-0.033380171932790303,-0.9803334128957572,0.19450491942851786,
0.2886895917136587,-0.10078648122703504,0.676970088844401,1.0,0.03974406997215068,-0.9787118612152881,0.2013541696080706,
0.3385151980502725,-0.057418103367880446,0.8779337614941278,1.0,0.03974406997215068,-0.9787118612152881,0.2013541696080706,
1.9895177284734444e-05,-0.059346070391624095,0.9353761121093243,1.0,0.03974406997215068,-0.9787118612152881,0.2013541696080706,
0.2886895917136587,-0.10078648122703504,0.676970088844401,1.0,0.578501571661115,-0.7598937929990774,-0.29647488080290224,
0.023806444793991632,-0.048246426639642404,0.025447175195687732,1.0,0.578501571661115,-0.7598937929990774,-0.29647488080290224,
0.1234576574672197,-0.011261913791709932,0.1250983878689158,1.0,0.578501571661115,-0.7598937929990774,-0.29647488080290224,
-0.6769694671201109,-0.051034238356658324,0.676970088844401,1.0,-0.3210997116296908,-0.794379618690029,0.51561225412243,
-0.338474785971413,-0.057418103367880446,0.8779337614941278,1.0,-0.3210997116296908,-0.794379618690029,0.51561225412243,
-0.3535261093115647,-0.014049725508725852,0.9353761121093243,1.0,-0.3210997116296908,-0.794379618690029,0.51561225412243,
-0.338474785971413,-0.057418103367880446,0.8779337614941278,1.0,-0.10157749162276694,-0.814475943159899,0.5712363356872703,
1.9895177284734444e-05,-0.059346070391624095,0.9353761121093243,1.0,-0.10157749162276694,-0.814475943159899,0.5712363356872703,
1.9895177284734444e-05,-0.014049725508725852,0.9999602096454305,1.0,-0.10157749162276694,-0.814475943159899,0.5712363356872703,
0.3385151980502725,-0.057418103367880446,0.8779337614941278,1.0,0.10618314510844809,-0.8067541315255263,0.5812683639777518,
0.3535665213904242,-0.014049725508725852,0.9353761121093243,1.0,0.10618314510844809,-0.8067541315255263,0.5812683639777518,
1.9895177284734444e-05,-0.014049725508725852,0.9999602096454305,1.0,0.10618314510844809,-0.8067541315255263,0.5812683639777518,
0.1234576574672197,-0.011261913791709932,0.1250983878689158,1.0,0.83932087333322,-0.48777421126275533,-0.24003497748069544,
0.15356030414752286,0.02572259905622265,0.15520103454921874,1.0,0.83932087333322,-0.48777421126275533,-0.24003497748069544,
0.3535665213904242,-0.014049725508725852,0.9353761121093243,1.0,0.83932087333322,-0.48777421126275533,-0.24003497748069544,
-0.3535261093115647,-0.014049725508725852,0.9353761121093243,1.0,-0.321098524396535,0.7943798052470561,0.5156127060556374,
-0.338474785971413,0.029318652350428742,0.8779337614941278,1.0,-0.321098524396535,0.7943798052470561,0.5156127060556374,
-0.6769694671201109,0.02293540906349678,0.676970088844401,1.0,-0.321098524396535,0.7943798052470561,0.5156127060556374,
1.9895177284734444e-05,-0.014049725508725852,0.9999602096454305,1.0,-0.10157983401869086,0.8144720614002465,0.5712414537821708,
1.9895177284734444e-05,0.031247241098462553,0.9353761121093243,1.0,-0.10157983401869086,0.8144720614002465,0.5712414537821708,
-0.338474785971413,0.029318652350428742,0.8779337614941278,1.0,-0.10157983401869086,0.8144720614002465,0.5712414537821708,
1.9895177284734444e-05,-0.014049725508725852,0.9999602096454305,1.0,0.10618314510844809,0.8067541315255263,0.5812683639777518,
0.3535665213904242,-0.014049725508725852,0.9353761121093243,1.0,0.10618314510844809,0.8067541315255263,0.5812683639777518,
0.3385151980502725,0.029318652350428742,0.8779337614941278,1.0,0.10618314510844809,0.8067541315255263,0.5812683639777518,
0.15356030414752286,0.02572259905622265,0.15520103454921874,1.0,0.8359864513018468,0.504259328379557,-0.2164467208851703,
0.1234576574672197,0.06270711190415512,0.1250983878689158,1.0,0.8359864513018468,0.504259328379557,-0.2164467208851703,
0.3385151980502725,0.029318652350428742,0.8779337614941278,1.0,0.8359864513018468,0.504259328379557,-0.2164467208851703,
-0.338474785971413,0.029318652350428742,0.8779337614941278,1.0,-0.10685218366149532,0.9770344287284374,0.1843538334997838,
-0.2886491796347992,0.07268703020958323,0.676970088844401,1.0,-0.10685218366149532,0.9770344287284374,0.1843538334997838,
-0.5773188761711732,0.05991992191142925,0.5773188761711732,1.0,-0.10685218366149532,0.9770344287284374,0.1843538334997838,
1.9895177284734444e-05,0.031247241098462553,0.9353761121093243,1.0,-0.033382280984159456,0.9803333438006263,0.1945049057195667,
1.9895177284734444e-05,0.07654420770565085,0.7070727355247044,1.0,-0.033382280984159456,0.9803333438006263,0.1945049057195667,
-0.2886491796347992,0.07268703020958323,0.676970088844401,1.0,-0.033382280984159456,0.9803333438006263,0.1945049057195667,
1.9895177284734444e-05,0.031247241098462553,0.9353761121093243,1.0,0.03974579571900025,0.9787118783981215,0.2013537454458798,
0.3385151980502725,0.029318652350428742,0.8779337614941278,1.0,0.03974579571900025,0.9787118783981215,0.2013537454458798,
0.2886895917136587,0.07268703020958323,0.676970088844401,1.0,0.03974579571900025,0.9787118783981215,0.2013537454458798,
0.1234576574672197,0.06270711190415512,0.1250983878689158,1.0,0.47946089945934517,0.8630097615682295,-0.15915840325783376,
0.023806444793991632,0.09969224647637764,0.025447175195687732,1.0,0.47946089945934517,0.8630097615682295,-0.15915840325783376,
0.2886895917136587,0.07268703020958323,0.676970088844401,1.0,0.47946089945934517,0.8630097615682295,-0.15915840325783376,
0.6770098791989705,-0.10078648122703504,0.2886491796347992,1.0,-0.26331212333192533,0.12048913505499415,0.9571567761031273,
0.8779741735729876,-0.057418103367880446,0.338474785971413,1.0,-0.26331212333192533,0.12048913505499415,0.9571567761031273,
0.1234576574672197,-0.011261913791709932,0.1250983878689158,1.0,-0.26331212333192533,0.12048913505499415,0.9571567761031273,
0.6770098791989705,-0.10078648122703504,0.2886491796347992,1.0,0.1945054259953119,-0.9803332963793814,0.033380642119620156,
0.7071131476035637,-0.10464303699881239,-1.9895177284734444e-05,1.0,0.1945054259953119,-0.9803332963793814,0.033380642119620156,
0.9354159024638933,-0.059346070391624095,-1.9895177284734444e-05,1.0,0.1945054259953119,-0.9803332963793814,0.033380642119620156,
0.6770098791989705,-0.10078648122703504,-0.2886895917136587,1.0,0.2013537799629757,-0.9787119560955165,-0.03974370755615606,
0.8779741735729876,-0.057418103367880446,-0.33851457632598236,1.0,0.2013537799629757,-0.9787119560955165,-0.03974370755615606,
0.9354159024638933,-0.059346070391624095,-1.9895177284734444e-05,1.0,0.2013537799629757,-0.9787119560955165,-0.03974370755615606,
0.5773586665257424,-0.0880187512045908,-0.5773586665257424,1.0,0.2135542119096811,-0.9661094589685651,-0.1450072821174899,
0.6770098791989705,-0.051034238356658324,-0.6770098791989703,1.0,0.2135542119096811,-0.9661094589685651,-0.1450072821174899,
0.8779741735729876,-0.057418103367880446,-0.33851457632598236,1.0,0.2135542119096811,-0.9661094589685651,-0.1450072821174899,
0.1234576574672197,-0.011261913791709932,0.1250983878689158,1.0,-0.27065724112979916,0.0244917029547874,0.9623641796692042,
0.8779741735729876,-0.057418103367880446,0.338474785971413,1.0,-0.27065724112979916,0.0244917029547874,0.9623641796692042,
0.9354159024638933,-0.014049725508725852,0.3535261093115647,1.0,-0.27065724112979916,0.0244917029547874,0.9623641796692042,
0.8779741735729876,-0.057418103367880446,0.338474785971413,1.0,0.5712363965670297,-0.8144760299630304,0.10157645323979375,
0.9354159024638933,-0.059346070391624095,-1.9895177284734444e-05,1.0,0.5712363965670297,-0.8144760299630304,0.10157645323979375,
1.0,-0.014049725508725852,-1.9895177284734444e-05,1.0,0.5712363965670297,-0.8144760299630304,0.10157645323979375,
0.8779741735729876,-0.057418103367880446,-0.33851457632598236,1.0,0.5812715578372507,-0.806751753540971,-0.10618372854644001,
0.9354159024638933,-0.014049725508725852,-0.3535665213904242,1.0,0.5812715578372507,-0.806751753540971,-0.10618372854644001,
1.0,-0.014049725508725852,-1.9895177284734444e-05,1.0,0.5812715578372507,-0.806751753540971,-0.10618372854644001,
0.6770098791989705,-0.051034238356658324,-0.6770098791989703,1.0,0.5580281160872744,-0.7474987816921964,-0.3603473227662022,
0.7071131476035637,-0.014049725508725852,-0.7071125258792735,1.0,0.5580281160872744,-0.7474987816921964,-0.3603473227662022,
0.9354159024638933,-0.014049725508725852,-0.3535665213904242,1.0,0.5580281160872744,-0.7474987816921964,-0.3603473227662022,
0.15356030414752286,0.02572259905622265,0.15520103454921874,1.0,-0.2453056939958384,0.011520568013699141,0.9693773223084302,
0.9354159024638933,-0.014049725508725852,0.3535261093115647,1.0,-0.2453056939958384,0.011520568013699141,0.9693773223084302,
0.8779741735729876,0.029318652350428742,0.338474785971413,1.0,-0.2453056939958384,0.011520568013699141,0.9693773223084302,
1.0,-0.014049725508725852,-1.9895177284734444e-05,1.0,0.5712415146644253,0.8144721482057438,0.10157879562691338,
0.9354159024638933,0.031247241098462553,-1.9895177284734444e-05,1.0,0.5712415146644253,0.8144721482057438,0.10157879562691338,
0.8779741735729876,0.029318652350428742,0.338474785971413,1.0,0.5712415146644253,0.8144721482057438,0.10157879562691338,
1.0,-0.014049725508725852,-1.9895177284734444e-05,1.0,0.5812715578372507,0.806751753540971,-0.10618372854644001,
0.9354159024638933,-0.014049725508725852,-0.3535665213904242,1.0,0.5812715578372507,0.806751753540971,-0.10618372854644001,
0.8779741735729876,0.029318652350428742,-0.33851457632598236,1.0,0.5812715578372507,0.806751753540971,-0.10618372854644001,
0.9354159024638933,-0.014049725508725852,-0.3535665213904242,1.0,0.5580333575217393,0.7474932371256604,-0.360350707428771,
0.7071131476035637,-0.014049725508725852,-0.7071125258792735,1.0,0.5580333575217393,0.7474932371256604,-0.360350707428771,
0.6770098791989705,0.02293540906349678,-0.6770098791989703,1.0,0.5580333575217393,0.7474932371256604,-0.360350707428771,
0.1234576574672197,0.06270711190415512,0.1250983878689158,1.0,-0.27492755034159044,-0.1914953125428645,0.9422018824738586,
0.8779741735729876,0.029318652350428742,0.338474785971413,1.0,-0.27492755034159044,-0.1914953125428645,0.9422018824738586,
0.6770098791989705,0.07268703020958323,0.2886491796347992,1.0,-0.27492755034159044,-0.1914953125428645,0.9422018824738586,
0.9354159024638933,0.031247241098462553,-1.9895177284734444e-05,1.0,0.1945054122861336,0.9803332272832939,0.033382751170672374,
0.7071131476035637,0.07654420770565085,-1.9895177284734444e-05,1.0,0.1945054122861336,0.9803332272832939,0.033382751170672374,
0.6770098791989705,0.07268703020958323,0.2886491796347992,1.0,0.1945054122861336,0.9803332272832939,0.033382751170672374,
0.9354159024638933,0.031247241098462553,-1.9895177284734444e-05,1.0,0.20135335580601968,0.9787119732775384,-0.0397454333080124,
0.8779741735729876,0.029318652350428742,-0.33851457632598236,1.0,0.20135335580601968,0.9787119732775384,-0.0397454333080124,
0.6770098791989705,0.07268703020958323,-0.2886895917136587,1.0,0.20135335580601968,0.9787119732775384,-0.0397454333080124,
0.8779741735729876,0.029318652350428742,-0.33851457632598236,1.0,0.21355530904628262,0.9661093852313737,-0.14500615761409544,
0.6770098791989705,0.02293540906349678,-0.6770098791989703,1.0,0.21355530904628262,0.9661093852313737,-0.14500615761409544,
0.5773586665257424,0.05991992191142925,-0.5773586665257424,1.0,0.21355530904628262,0.9661093852313737,-0.14500615761409544,
0.023806444793991632,-0.048246426639642404,0.025447175195687732,1.0,0.9254627649157745,-0.023203597616923182,-0.37812731164527325,
0.2886895917136587,-0.10078648122703504,0.676970088844401,1.0,0.9254627649157745,-0.023203597616923182,-0.37812731164527325,
0.02092599615774393,-0.10486437084610456,0.021871638803056426,1.0,0.9254627649157745,-0.023203597616923182,-0.37812731164527325,
0.2886895917136587,-0.10078648122703504,0.676970088844401,1.0,0.02190715948264162,-0.996355854165603,0.08243232517243199,
1.9895177284734444e-05,-0.10464303699881239,0.7070727355247044,1.0,0.02190715948264162,-0.996355854165603,0.08243232517243199,
1.9895177284734444e-05,-0.1338932996773251,0.3535261093115647,1.0,0.02190715948264162,-0.996355854165603,0.08243232517243199,
-0.2886491796347992,-0.10078648122703504,0.676970088844401,1.0,-0.02520105235308295,-0.9965155453232643,0.07950896106335775,
-0.338474785971413,-0.1265339492548635,0.338474785971413,1.0,-0.02520105235308295,-0.9965155453232643,0.07950896106335775,
1.9895177284734444e-05,-0.1338932996773251,0.3535261093115647,1.0,-0.02520105235308295,-0.9965155453232643,0.07950896106335775,
-0.5773188761711732,-0.0880187512045908,0.5773188761711732,1.0,-0.0864321010027821,-0.9935220246050179,0.07377993318640882,
-0.6769694671201109,-0.10078648122703504,0.2886491796347992,1.0,-0.0864321010027821,-0.9935220246050179,0.07377993318640882,
-0.338474785971413,-0.1265339492548635,0.338474785971413,1.0,-0.0864321010027821,-0.9935220246050179,0.07377993318640882,
0.6770098791989705,-0.10078648122703504,0.2886491796347992,1.0,-0.07264095268849398,-0.9783874830660544,0.19360068432776537,
0.02092599615774393,-0.10486437084610456,0.021871638803056426,1.0,-0.07264095268849398,-0.9783874830660544,0.19360068432776537,
0.3535665213904242,-0.1338932996773251,-1.9895177284734444e-05,1.0,-0.07264095268849398,-0.9783874830660544,0.19360068432776537,
0.02092599615774393,-0.10486437084610456,0.021871638803056426,1.0,0.8693774579533008,-0.4940133134872743,0.011562080261814909,
1.9895177284734444e-05,-0.1338932996773251,0.3535261093115647,1.0,0.8693774579533008,-0.4940133134872743,0.011562080261814909,
1.9895177284734444e-05,-0.14216782825488206,-1.9895177284734444e-05,1.0,0.8693774579533008,-0.4940133134872743,0.011562080261814909,
-0.338474785971413,-0.1265339492548635,0.338474785971413,1.0,-0.023391916219126986,-0.9994670317583225,0.02276995133516157,
-0.3535261093115647,-0.1338932996773251,-1.9895177284734444e-05,1.0,-0.023391916219126986,-0.9994670317583225,0.02276995133516157,
1.9895177284734444e-05,-0.14216782825488206,-1.9895177284734444e-05,1.0,-0.023391916219126986,-0.9994670317583225,0.02276995133516157,
-0.6769694671201109,-0.10078648122703504,0.2886491796347992,1.0,-0.0824323247666133,-0.9963558492604898,0.02190738409713745,
-0.7070727355247042,-0.10464303699881239,-1.9895177284734444e-05,1.0,-0.0824323247666133,-0.9963558492604898,0.02190738409713745,
-0.3535261093115647,-0.1338932996773251,-1.9895177284734444e-05,1.0,-0.0824323247666133,-0.9963558492604898,0.02190738409713745,
0.3535665213904242,-0.1338932996773251,-1.9895177284734444e-05,1.0,0.07950906082596515,-0.9965155372557556,-0.02520105661367469,
0.3385151980502725,-0.1265339492548635,-0.33851457632598236,1.0,0.07950906082596515,-0.9965155372557556,-0.02520105661367469,
0.6770098791989705,-0.10078648122703504,-0.2886895917136587,1.0,0.07950906082596515,-0.9965155372557556,-0.02520105661367469,
1.9895177284734444e-05,-0.14216782825488206,-1.9895177284734444e-05,1.0,0.022769950670627,-0.9994670327356775,-0.02339187510648646,
1.9895177284734444e-05,-0.1338932996773251,-0.3535665213904242,1.0,0.022769950670627,-0.9994670327356775,-0.02339187510648646,
0.3385151980502725,-0.1265339492548635,-0.33851457632598236,1.0,0.022769950670627,-0.9994670327356775,-0.02339187510648646,
1.9895177284734444e-05,-0.14216782825488206,-1.9895177284734444e-05,1.0,-0.023391916219126986,-0.9994670317583225,-0.022769951335161576,
-0.3535261093115647,-0.1338932996773251,-1.9895177284734444e-05,1.0,-0.023391916219126986,-0.9994670317583225,-0.022769951335161576,
-0.338474785971413,-0.1265339492548635,-0.33851457632598236,1.0,-0.023391916219126986,-0.9994670317583225,-0.022769951335161576,
-0.3535261093115647,-0.1338932996773251,-1.9895177284734444e-05,1.0,-0.0824323248518202,-0.9963558502903819,-0.021907336936607107,
-0.7070727355247042,-0.10464303699881239,-1.9895177284734444e-05,1.0,-0.0824323248518202,-0.9963558502903819,-0.021907336936607107,
-0.6769694671201109,-0.10078648122703504,-0.2886895917136587,1.0,-0.0824323248518202,-0.9963558502903819,-0.021907336936607107,
0.3385151980502725,-0.1265339492548635,-0.33851457632598236,1.0,0.07378023804142868,-0.9935220119567629,-0.08643198616216058,
0.2886895917136587,-0.10078648122703504,-0.6770098791989703,1.0,0.07378023804142868,-0.9935220119567629,-0.08643198616216058,
0.5773586665257424,-0.0880187512045908,-0.5773586665257424,1.0,0.07378023804142868,-0.9935220119567629,-0.08643198616216058,
1.9895177284734444e-05,-0.1338932996773251,-0.3535665213904242,1.0,0.02190717433016722,-0.9963558419297592,-0.08243246912053658,
1.9895177284734444e-05,-0.10464303699881239,-0.7071125258792735,1.0,0.02190717433016722,-0.9963558419297592,-0.08243246912053658,
0.2886895917136587,-0.10078648122703504,-0.6770098791989703,1.0,0.02190717433016722,-0.9963558419297592,-0.08243246912053658,
1.9895177284734444e-05,-0.1338932996773251,-0.3535665213904242,1.0,-0.02520119921526279,-0.9965155399172266,-0.07950898226987178,
-0.338474785971413,-0.1265339492548635,-0.33851457632598236,1.0,-0.02520119921526279,-0.9965155399172266,-0.07950898226987178,
-0.2886491796347992,-0.10078648122703504,-0.6770098791989703,1.0,-0.02520119921526279,-0.9965155399172266,-0.07950898226987178,
-0.338474785971413,-0.1265339492548635,-0.33851457632598236,1.0,-0.0864319830056292,-0.9935220260898766,-0.0737800514230051,
-0.6769694671201109,-0.10078648122703504,-0.2886895917136587,1.0,-0.0864319830056292,-0.9935220260898766,-0.0737800514230051,
-0.5773188761711732,-0.0880187512045908,-0.5773586665257424,1.0,-0.0864319830056292,-0.9935220260898766,-0.0737800514230051,
0.5773586665257424,0.05991992191142925,-0.5773586665257424,1.0,0.07377864586651796,0.9935219919599662,-0.0864335751083094,
0.2886895917136587,0.07268703020958323,-0.6770098791989703,1.0,0.07377864586651796,0.9935219919599662,-0.0864335751083094,
0.3385151980502725,0.09843511996170173,-0.33851457632598236,1.0,0.07377864586651796,0.9935219919599662,-0.0864335751083094,
0.2886895917136587,0.07268703020958323,-0.6770098791989703,1.0,0.021909319208203295,0.9963557950880013,-0.08243246524513222,
1.9895177284734444e-05,0.07654420770565085,-0.7071125258792735,1.0,0.021909319208203295,0.9963557950880013,-0.08243246524513222,
1.9895177284734444e-05,0.10579447038416356,-0.3535665213904242,1.0,0.021909319208203295,0.9963557950880013,-0.08243246524513222,
-0.2886491796347992,0.07268703020958323,-0.6770098791989703,1.0,-0.02520127739759906,0.9965153918820975,-0.07951081284705212,
-0.338474785971413,0.09843511996170173,-0.33851457632598236,1.0,-0.02520127739759906,0.9965153918820975,-0.07951081284705212,
1.9895177284734444e-05,0.10579447038416356,-0.3535665213904242,1.0,-0.02520127739759906,0.9965153918820975,-0.07951081284705212,
-0.5773188761711732,0.05991992191142925,-0.5773586665257424,1.0,-0.08643357195736777,0.993522006092415,-0.07377845924654193,
-0.6769694671201109,0.07268703020958323,-0.2886895917136587,1.0,-0.08643357195736777,0.993522006092415,-0.07377845924654193,
-0.338474785971413,0.09843511996170173,-0.33851457632598236,1.0,-0.08643357195736777,0.993522006092415,-0.07377845924654193,
0.6770098791989705,0.07268703020958323,-0.2886895917136587,1.0,0.0795108914058609,0.9965153892203584,-0.025201134792763587,
0.3385151980502725,0.09843511996170173,-0.33851457632598236,1.0,0.0795108914058609,0.9965153892203584,-0.025201134792763587,
0.3535665213904242,0.10579447038416356,-1.9895177284734444e-05,1.0,0.0795108914058609,0.9965153892203584,-0.025201134792763587,
0.3385151980502725,0.09843511996170173,-0.33851457632598236,1.0,0.02276995067062765,0.9994670327356774,-0.023391875106486458,
1.9895177284734444e-05,0.10579447038416356,-0.3535665213904242,1.0,0.02276995067062765,0.9994670327356774,-0.023391875106486458,
1.9895177284734444e-05,0.11406899896172051,-1.9895177284734444e-05,1.0,0.02276995067062765,0.9994670327356774,-0.023391875106486458,
-0.338474785971413,0.09843511996170173,-0.33851457632598236,1.0,-0.023391916219126986,0.9994670317583225,-0.02276995133516223,
-0.3535261093115647,0.10579447038416356,-1.9895177284734444e-05,1.0,-0.023391916219126986,0.9994670317583225,-0.02276995133516223,
1.9895177284734444e-05,0.11406899896172051,-1.9895177284734444e-05,1.0,-0.023391916219126986,0.9994670317583225,-0.02276995133516223,
-0.6769694671201109,0.07268703020958323,-0.2886895917136587,1.0,-0.08243232097639383,0.9963558034482755,-0.021909481814645887,
-0.7070727355247042,0.07654420770565085,-1.9895177284734444e-05,1.0,-0.08243232097639383,0.9963558034482755,-0.021909481814645887,
-0.3535261093115647,0.10579447038416356,-1.9895177284734444e-05,1.0,-0.08243232097639383,0.9963558034482755,-0.021909481814645887,
0.3535665213904242,0.10579447038416356,-1.9895177284734444e-05,1.0,0.046951623614204886,0.9969875168659906,0.06173683060682573,
0.02092599615774393,0.12010407664617051,0.021871638803056426,1.0,0.046951623614204886,0.9969875168659906,0.06173683060682573,
0.6770098791989705,0.07268703020958323,0.2886491796347992,1.0,0.046951623614204886,0.9969875168659906,0.06173683060682573,
1.9895177284734444e-05,0.11406899896172051,-1.9895177284734444e-05,1.0,-0.29879422577647957,0.9540562990098774,0.022329105718982695,
1.9895177284734444e-05,0.10579447038416356,0.3535261093115647,1.0,-0.29879422577647957,0.9540562990098774,0.022329105718982695,
0.02092599615774393,0.12010407664617051,0.021871638803056426,1.0,-0.29879422577647957,0.9540562990098774,0.022329105718982695,
1.9895177284734444e-05,0.11406899896172051,-1.9895177284734444e-05,1.0,-0.023391916219126986,0.9994670317583225,0.022769951335162224,
-0.3535261093115647,0.10579447038416356,-1.9895177284734444e-05,1.0,-0.023391916219126986,0.9994670317583225,0.022769951335162224,
-0.338474785971413,0.09843511996170173,0.338474785971413,1.0,-0.023391916219126986,0.9994670317583225,0.022769951335162224,
-0.3535261093115647,0.10579447038416356,-1.9895177284734444e-05,1.0,-0.08243232089117027,0.9963558024181819,0.021909528979789136,
-0.7070727355247042,0.07654420770565085,-1.9895177284734444e-05,1.0,-0.08243232089117027,0.9963558024181819,0.021909528979789136,
-0.6769694671201109,0.07268703020958323,0.2886491796347992,1.0,-0.08243232089117027,0.9963558024181819,0.021909528979789136,
1.9895177284734444e-05,0.10579447038416356,0.3535261093115647,1.0,0.02190930436070543,0.9963558073238757,0.08243232129703698,
1.9895177284734444e-05,0.07654420770565085,0.7070727355247044,1.0,0.02190930436070543,0.9963558073238757,0.08243232129703698,
0.2886895917136587,0.07268703020958323,0.676970088844401,1.0,0.02190930436070543,0.9963558073238757,0.08243232129703698,
1.9895177284734444e-05,0.10579447038416356,0.3535261093115647,1.0,-0.025201130532039644,0.9965153972883095,0.07951079164006385,
-0.338474785971413,0.09843511996170173,0.338474785971413,1.0,-0.025201130532039644,0.9965153972883095,0.07951079164006385,
-0.2886491796347992,0.07268703020958323,0.676970088844401,1.0,-0.025201130532039644,0.9965153972883095,0.07951079164006385,
-0.338474785971413,0.09843511996170173,0.338474785971413,1.0,-0.08643368995193944,0.9935220046072153,0.07377834101247188,
-0.6769694671201109,0.07268703020958323,0.2886491796347992,1.0,-0.08643368995193944,0.9935220046072153,0.07377834101247188,
-0.5773188761711732,0.05991992191142925,0.5773188761711732,1.0,-0.08643368995193944,0.9935220046072153,0.07377834101247188,
0.6770098791989705,0.07268703020958323,0.2886491796347992,1.0,0.051245378766257794,0.9973704581143559,0.05124529671943524,
0.02092599615774393,0.12010407664617051,0.021871638803056426,1.0,0.051245378766257794,0.9973704581143559,0.05124529671943524,
0.2886895917136587,0.07268703020958323,0.676970088844401,1.0,0.051245378766257794,0.9973704581143559,0.05124529671943524